5890.34169056848
5075.690652983556
5963.123906546078
5156.668764551189
5132.628015168126
5241.1901106614005
5724.43284929284
5295.508149521617
5985.063609500425
5844.839465112004
5123.5446660529005
5975.036154607928
5688.95110245285
5153.291058631293
5617.730283848711
5062.280326346634
5911.526553767144
5922.972560692652
5758.43971435429
5842.337317101278
5523.339934789371
5263.160797788955
5744.678367058536
5992.249665113745
5433.932376164312
5924.010313095428
5208.673607241268
5984.413863928932
5368.2498698174195
5297.677926310413
5714.936467254702
5331.152839758424
5482.000710376908
5475.978628527017
5579.15415556824
5098.0754012346715
5936.989860235264
5044.22621792873
5281.78740726236
5389.327387747771
5230.941681300726
5383.923909544118
5231.654717242417
5015.537152625164
5956.364418913465
5407.699741246355
5315.847889263349
5064.2567479326535
5615.972320263914
5302.504110633536
5288.0869301809225
5471.4309870333955
5705.6753705700685
5180.817654715668
5607.498846837158
5358.310981034237
5603.891860431361
5642.981421457068
5824.787724327792
5598.104804932134
5473.4903798119785
5808.120891056586
5086.5995190540225
5707.853912320944
5311.036653782835
5927.649477669128
5124.6987406677
5594.2739159320845
5857.939899655799
5276.493007696081
5841.688831120751
5023.25461976813
5977.711304090891
5944.758743097135
5557.0682386940625
5436.380087696678
5323.942345996852
5631.184429038176
5712.5986990667025
5550.884995058386
5856.51523322963
5980.527729957536
5687.810301573592
5284.222767232479
5894.581389019697
5259.19704822686
5327.96343307153
5397.1971731489575
5384.076972031827
5700.4328078399785
5858.775404121787
5333.625252201982
5574.751046252589
5580.554233709035
5866.453368003137
5267.536886360109
5180.211489737959
5346.711044953079
5394.21332457424
5752.008727826071
5473.46165082077
5499.818380543247
5136.772255356712
5593.417450028024
5680.369133816577
5268.825230007131
5803.777601032206
5710.264060454925
5340.405125341843
5015.2595101099705
5213.668626286575
5354.742655732355
5655.069569496672
5030.192699770293
5795.316432950866
5041.4850708143695
5578.215275155108
5000.272787648342
5088.480943822505
5944.288378724544
5166.710082981195
5387.257876824067
5935.096742475792
5069.920436206368
5487.005398677103
5069.831286028671
5276.591820901197
5022.940408795449
5683.874285488213
5695.0975854693625
5837.86036640405
5890.279673633371
5871.932424885772
5350.631964050508
5124.172675417108
5025.85869486635
5530.856341973644
5204.673070684826
5830.666824794778
5165.388613991946
5522.861217753963
5355.5853406956585
5888.752132669733
5189.6411110538875
5492.6201262443365
5062.785686970922
5957.709856471596
5154.764884286075
5253.888310038283
5109.879738704249
5075.6191666020895
5820.0665229172055
5067.465158672899
5326.6556171648435
5743.483745101235
5963.498543772554
5275.370737690346
5347.365497415907
5108.829099028985
5591.121824351134
5887.459287183285
5635.414980293137
5229.167408276293
5432.751191417444
5806.6213257509735
5088.216652764939
5229.541581216336
5660.0168700735085
5154.081191903069
5587.887646617199
5557.198275915195
5763.76091647791
5966.473766472818
5839.100946406434
5413.132865860263
5646.432703653373
5577.3839190065
5469.072030452804
5123.034422012459
5103.204454200986
5705.051473232739
5538.843195669798
5923.233781108647
5657.6029293953325
5901.479004108166
5074.352621794136
5234.746486419087
5455.007086820515
5663.269214612451
5449.128493780904
5912.883186201926
5689.9720224735665
5978.407829868701
5251.330245248312
5847.864718818549
5965.781249285622
5940.880266065645
5181.093909799285
5378.578588802233
5641.72916543011
5892.769270299443
5472.625624742375
5985.684359455664
5561.269134299361
5338.202238601611
5195.904596682567
5751.473052095186
5289.900184215079
5676.0686271705135
5539.370683804163
5058.871236641417
5248.989197837227
5370.917489568795
5187.038831073121
5580.848614867238
5253.150526096456
5684.85527163639
5760.498718486843
5385.766541154762
5753.415762772205
5849.278441358693
5560.409969013761
5269.207113192079
5916.008438967014
5924.151081419779
5046.88359399368
5709.0255237866295
5189.698103250802
5856.0946969526985
5218.197688653004
5883.883615121149
5654.832642644739
5070.237617253886
5493.739902499164
5667.804347044848
5913.17083093414
5305.9591725146
5934.042111263909
5232.8593100276885
5590.708510531864
5860.235073611073
5407.638552488617
5699.590877665745
5279.842092542715
5142.024516663664
5785.092357675816
5494.3202897552865
5878.421297287048
5335.947562970448
5101.060363822521
5935.1120821136265
5544.9539242253895
5216.059164815927
5105.495081977314
5545.991502399909
5850.165282272406
5226.802836496766
5259.8319101358575
5929.716141877454
5942.833421293329
5170.201582876178
5579.611810100418
5105.141609410953
5014.1352793896485
5758.023062831559
5817.148808176036
5339.600082492463
5084.457903263538
5110.8624206134255
5336.513081657124
5332.41778193901
5618.456175923584
5561.034032855972
5525.044986181773
5207.440773455162
5960.455343358312
5234.495670838441
5417.959362604483
5666.2271151556615
5791.558525617651
5255.047620167721
5921.4344151637615
5492.894448330012
5302.618464461404
5008.403760920793
5860.26285336211
5763.553419862759
5805.414619535344
5414.836740049455
5468.686877974386
5933.327006023787
5464.253125494832
5052.915866178987
5966.776255648899
5722.9771596946375
5313.911912022326
5764.236720797652
5302.259780354637
5756.311000422809
5453.330010897551
5227.442526881411
5423.082655440665
5242.000864321154
5719.466101587979
5694.813986151769
5367.538796733988
5605.470928564732
5106.74334559201
5440.906188217804
5650.419639677556
5209.091439508328
5001.146547873749
5685.540510257145
5019.724778768526
5116.627515597342
5718.937591649886
5573.490021460418
5590.213585131608
5687.369661220401
5997.293441520445
5223.005442973327
5903.221341352664
5572.923328274244
5385.28779721962
5387.498272658377
5029.685997574248
5508.663867778966
5257.3216090629
5945.621810447781
5722.697076584252
5029.5624488797275
5942.339869329268
5877.926467279944
5481.7190775399495
5523.849170359097
5158.756112589344
5937.373233498857
5845.109177573634
5886.453294411853
5289.395124424467
5103.205394235026
5422.1624239740495
5961.495452412139
5873.592845956121
5634.749983510875
5451.429169255322
5396.572759385222
5381.927187314333
5379.043462711625
5274.901515850931
5297.76749606602
5872.151733048469
5914.006829273205
5412.693041945664
5293.01374198328
5187.923953245775
5341.297834738679
5332.493237434449
5325.901026957893
5127.751517905395
5000.241727442678
5719.685336919822
5516.012655154274
5114.248310825245
5586.999143523998
5814.0569622419525
5342.178883934071
5703.726697521253
5138.513229794488
5277.715648254684
5674.028264931121
5496.1864353908595
5029.351665942127
5927.753826226215
5577.587658881461
5523.491325056714
5773.092737141359
5013.8710804831035
5913.60088113233
5934.444875297342
5054.962509663171
5216.908056413438
5670.475950291562
5449.668501485845
5818.062455243691
5871.5794577009365
5489.003637734806
5053.917518875375
5804.950721665636
5067.8910018912375
5196.763795302697
5493.481062505801
5329.631333341043
5159.359336637414
5594.6779493540635
5911.468135922261
5077.881017677474
5826.233551425803
5551.644207645305
5614.981855742104
5658.092858850169
5711.058889527575
5265.243390722528
5732.901903148505
5558.573072471148
5985.59331690972
5824.441965412648
5761.997937866097
5889.622020087548
5369.595018368668
5530.66383159336
5042.346457242952
5812.304838010231
5821.494712859959
5725.729243768894
5942.196951039625
5636.435832242927
5814.965515841833
5762.913855681651
5436.4843136330655
5374.915870382541
5418.658283617503
5846.059525905327
5612.368011684488
5352.956263852466
5411.122815496083
5945.187514141962
5638.053004688954
5971.259948655886
5126.98202343786
5146.880528940623
5559.580481875771
5886.790825271081
5416.0493369920005
5353.521528565422
5680.228828878532
5680.286004712007
5497.723119069573
5251.6448071701725
5948.312722966268
5612.169721623715
5215.851019304289
5479.775756747659
5545.772065802868
5579.463583424336
5765.150057565459
5305.178423559094
5924.6649834558675
5546.647991603362
5862.772611087343
5386.920051307359
5526.012791046251
5483.969462568486
5247.274789682151
5486.48993765743
5812.8285126119845
5328.403134141833
5747.755895590555
5396.172660887858
5156.75571192362
5710.629436350669
5063.13550869041
5531.339149103515
5273.62546939357
5863.888031788201
5085.557946682165
5578.056710133875
5399.663351481664
5685.269324962574
5619.082770938798
5994.873825936853
5249.899400509465
5706.1650461409245
5844.1903249662255
5110.730928059695
5280.172910339075
5187.819164965274
5924.115924420048
5906.895900678532
5969.175738285203
5743.306084115364
5488.061668279149
5227.132072627484
5755.132274476534
5141.814502432495
5898.81763418743
5835.855445176645
5764.138350990421
5322.574747898054
5497.747051080683
5348.3445179532755
5681.972543497377
5704.5467141090685
5273.234593112216
5282.212320455843
5541.967525961877
5918.9779983092185
5071.643672307733
5485.102958268614
5294.465938409195
5671.177202999161
5269.521998821037
5669.764802914939
5287.710412013727
5557.404456660093
5908.25056915128
5426.9291514890365
5171.478463100605
5638.690682701386
5214.649072995221
5157.320617504314
5961.426741815709
5305.489548232649
5024.138616652143
5695.034136507304
5731.483380116171
5259.853767363287
5768.181612660393
5787.414150916625
5283.761272768031
5406.4952983061385
5635.195136510233
5425.19995902192
5309.094474442944
5806.672457459558
5845.472937744272
5528.125627006328
5130.65779132053
5004.02952750075
5992.098030875748
5723.3784263375355
5347.574596441092
5352.449220245383
5196.143871118279
5862.601269923126
5238.543895010484
5328.4619733864065
5953.585056196711
5208.976200354081
5605.2442470535
5440.587494713115
5698.513142015521
5489.063989006905
5432.074291612084
5525.734979191632
5093.492850239968
5321.728930602845
5089.264536508755
5191.921775941001
5764.723563911438
5120.363284154764
5955.820714177675
5298.741022477276
5598.351278377888
5819.338756180417
5400.868324119683
5217.581849277209
5855.677248567777
5914.226847321976
5451.987070893602
5195.643576135779
5142.432233513599
5290.325743511163
5398.469261358778
5009.419018169486
5752.62868455431
5513.333026058654
5396.7412589602845
5883.117234326792
5209.175387625992
5036.406623297115
5944.933791459269
5215.611827391023
5560.627656608335
5980.585304145594
5572.346922834062
5439.438910097415
5878.932494707504
5094.828417924087
5066.703386179121
5938.252806855572
5469.182832154998
5166.871421824221
5877.452125268353
5814.396906611904
5300.771425433796
5713.568734823533
5608.035448917523
5848.462193816966
5847.867536517158
5247.6058672401705
5391.764136909968
5002.520223807489
5774.155142433124
5039.97589277586
5915.493277841424
5230.168627720066
5183.77532113019
5370.442972006665
5227.599337793594
5471.067680473234
5541.9237067047925
5335.901945735552
5206.042685100445
5938.128818747316
5779.713830704961
5415.834030014274
5808.273432057415
5207.976425858602
5014.749813118956
5418.8257172675
5423.180842582978
5693.279518500027
5007.3003745106225
5942.188129652981
5410.034652665359
5476.441385960636
5034.79543708726
5122.515014416416
5058.360177429474
5804.169510983758
5028.43849373737
5930.315283969605
5287.963120360439
5535.6124117380095
5435.413562747893
5527.72795244681
5228.607553983947
5335.866234092131
5245.798597561277
5445.342406843624
5946.27878072238
5781.177000870556
5646.308845396387
5768.678985628476
5938.427582683544
5787.945212075736
5283.790829230758
5878.447450271382
5663.2939201247955
5494.725329752517
5339.188504177659
5111.801119086606
5775.26022597131
5745.884035822042
5815.827224199251
5777.598960331274
5277.987609852141
5899.188350071101
5616.345354920489
5188.9077556921275
5022.375885824087
5407.983862159225
5803.111571836302
5172.478626852624
5451.6825373722
5254.9685655179765
5109.452688888741
5264.274706032208
5272.610831101075
5009.860414599612
5619.724323214434
5350.760213992516
5314.666791640503
5897.028166028114
5357.782318230632
5683.071013637309
5412.922797739098
5098.973091886581
5545.249079370705
5079.085728307823
5198.955415160533
5978.857236030565
5540.540470298329
5777.679152478348
5686.972089419082
5811.335044705044
5911.020510677753
5351.525695010275
5149.8986014979155
5920.400491909547
5377.44567309326
5479.888833297697
5137.343351731689
5434.583097236363
5762.578042330333
5005.7819940020245
5846.208501055955
5945.757283236873
5146.203768703128
5679.225250365649
5168.550593630467
5579.389937699801
5232.268337255949
5775.400221360931
5300.573045344899
5483.942457676231
5481.6449415088755
5256.6340451688075
5651.439490776924
5737.792681724281
5862.188419137519
5968.5284204454965
5467.308241044985
5984.501704393446
5010.586257132803
5237.24738073465
5500.0234841660895
5830.588356879694
5591.181775317454
5316.213150327809
5134.971247316012
5052.673090015239
5712.24316416551
5625.103651866621
5757.62946164359
5725.572522300984
5597.280066801148
5763.443869897346
5338.548476818472
5893.386529596485
5896.367451870317
5939.90697410312
5154.74207824603
5390.880324855791
5723.682448991609
5741.614805499026
5327.11348391927
5796.277743408332
5821.279569626723
5755.195042829619
5238.820867077903
5122.608073977884
5889.483154419395
5619.846711222993
5249.044659512905
5567.719639030754
5272.504677575055
5674.2855794501465
5165.679824036186
5395.023961174901
5951.481728401772
5812.253480835474
5930.037112835752
5270.7309902304505
5844.051001073106
5083.188683418983
5717.100219933628
5567.561724123136
5493.664800800027
5186.851983166281
5918.307186880902
5286.262369062831
5786.29011308543
5462.444069220445
5967.787077887375
5508.978460324199
5052.873567675686
5358.035967753706
5595.328665867652
5999.530799360497
5632.300811086079
5134.527085468271
5230.6046586960665
5878.7757021483985
5443.936741321263
5075.664280339194
5773.319150853639
5319.63040380103
5049.827681260539
5471.62850419086
5080.717252742866
5676.930903482735
5236.863803298264
5177.641787226334
5710.048026061606
5718.9858805082495
5513.108955201373
5035.596995895448
5721.054474221505
5776.065065997841
5558.136286108564
5907.192677714507
5021.1662680932
5069.455177388585
5014.072031609107
5942.739264840404
5954.76237201279
5406.936314953651
5529.367485018243
5137.979294317293
5237.363358009625
5718.89677031229
5517.65193429128
5310.5158137902035
5509.770925405302
5593.437501601587
5470.1798845498315
5985.848253817942
5297.268113893008
5283.186195290659
5418.133485092505
5032.677155236574
5573.176755942814
5877.473516205147
5273.395065210887
5366.707803102557
5587.055264620551
5596.139829264632
5981.37663049481
5280.792185548027
5457.4551342630475
5347.6224999421875
5635.497695677246
5861.764819172086
5042.169441674475
5025.094028799219
5079.442207297641
5649.691344147218
5241.626769026506
5368.27194461734
5651.65776360842
5217.182011358694
5504.896563814926
5352.847660488044
5268.41741831437
5674.949788749176
5258.638438960933
5481.774503287657
5855.310226645498
5418.619649127448
5513.934500724165
5455.400001371029
5925.897841794069
5056.412656384884
5517.832242399502
5055.910913804085
5304.597213009416
5258.353695861132
5159.680979302138
5405.015905814825
5870.2330824630735
5902.387503751969
5622.557132835313
5697.730196425947
5489.330517045218
5936.583037521403
5623.222008936219
5529.225418355105
5412.941545269753
5463.980132577461
5808.718495350102
5960.606058628975
5262.344890457197
5895.9706429148055
5193.936110186206
5503.015866751142
5161.076856044646
5272.359410516434
5492.8288353762255
5595.244149506687
5837.254063215023
5330.112636045005
5076.959191188365
5506.507514941749
5802.408478114463
5025.015453444281
5864.293203881499
5461.267658711642
5238.082500655859
5129.607392667799
5162.966884568184
5188.214709867598
5213.538878692179
5596.791158540077
5487.212103362554
5729.916571491167
5141.107234122176
5814.303356268443
5681.181204811126
5658.373033050561
5824.7936348755275
5283.960421041064
5653.350997997402
5308.286957135762
5229.360168756006
5335.986911534268
5267.139171046026
5216.512131352372
5385.838228681848
5425.967782527707
5935.392056338759
5514.099970577369
5773.862804350385
5876.500672085259
5481.593593335171
5685.936238729557
5700.10841004039
5872.385688362075
5383.104192027511
5857.0600041775315
5649.784454368999
5727.861870921457
5583.807274066753
5762.331219341202
5942.230789517732
5808.719948533634
5846.370339456641
5954.091994535272
5604.734881533225
5772.30290551532
5649.066915897307
5136.478982118944
5473.15997097178
5650.372423063471
5137.770266742858
5988.509442879418
5478.385252349743
5394.543563406301
5224.423622282651
5143.789625114064
5557.380378666538
5201.809608358487
5952.864350723706
5810.711893512122
5534.693486957427
5295.2124494583
5411.635731170316
5940.8729444636365
5193.635343061801
5758.385695452084
5240.590163341233
5347.787324124346
5319.232584716205
5294.141818381662
5878.121218432283
5469.666623006205
5185.030450922325
5304.374023230954
5407.447242036987
5688.460433701217
5424.090464937621
5050.076797944223
5242.845304408635
5708.806126258346
5377.587843195596
5589.45416201589
5948.84996323413
5045.499630000398
5354.208885588332
5457.174540371841
5951.781083488997
5929.7561505014755
5323.065551960308
5680.499601002754
5492.842916054512
5388.237099180409
5596.255708248727
5104.606884513427
5152.638462810882
5176.167617571885
5694.673175946864
5454.4594678500835
5078.028691292744
5727.334430130713
5027.598518212377
5086.866756436044
5232.721175161377
5689.577653813338
5045.028804398986
5058.020181702568
5167.095270764848
5243.827846397661
5163.3074575620585
5569.636881721851
5186.43409632252
5719.331541414182
5495.227660530799
5463.45573802638
5113.621061141237
5019.710670322027
5216.7600853024915
5555.241841120374
5221.216586937151
5806.240472643485
5835.699844060307
5752.421355488275
5508.232190507323
5872.964017559618
5265.351490115031
5585.56559724136
5031.336592293284
5049.575505271352
5746.515202891485
5144.329730506477
5314.542931837216
5296.56722225689
5581.523454848786
5185.957398596697
5198.23700568869
5210.063642885127
5117.668911122213
5762.702139598483
5527.886651907256
5639.016266029645
5987.816579681217
5773.048725990522
5125.891432670206
5218.024966459606
5706.220004558975
5877.713272476735
5747.845142793009
5671.763097123629
5426.260577449636
5372.994509011206
5414.0562534497685
5577.351426144721
5315.7764276799735
5660.237858818691
5832.728693904997
5933.6033738492815
5818.328294697048
5288.51971197595
5630.18592707666
5868.019342736294
5911.055963343467
5251.148265880191
5571.681182257357
5378.281775807555
5082.545175036074
5722.003797295557
5852.7443396994895
5971.929363367872
5834.898223439602
5454.244793807452
5677.088879183396
5860.253220687077
5455.591456334929
5771.795895970984
5135.39903227141
5400.794705484612
5871.335049485724
5459.554442363038
5899.335707486121
5443.656347075568
5155.602648838609
5365.927849357141
5040.95195500913
5029.699362352742
5236.507148936426
5318.900318648398
5093.2667307753645
5008.23197979888
5850.769917190983
5027.108667915092
5576.513140812002
5106.176235841262
5725.390956100984
5773.632391070718
5114.395081826762
5406.581305220859
5794.3631906204455
5736.3800165215935
5474.055160977838
5541.376178162978
5661.770323906128
5119.4429781961835
5480.797987812235
5429.363112368526
5123.149805528851
5457.033178236906
5368.455744009425
5882.222833460501
5711.403007563176
5742.307034432201
5296.251213559175
5210.088679921584
5097.646077392808
5616.474193874952
5555.065529346697
5230.908557947739
5067.987749451471
5796.343471132869
5586.633139819458
5040.8269364941825
5908.2147395788825
5458.567917773071
5284.082717581942
5818.927641107317
5589.650339912791
5159.205224123154
5810.5837841844095
5711.662341896375
5483.180726769895
5731.037598784684
5744.560652604639
5102.9267787623785
5929.769757384713
5529.131725019234
5479.768420413871
5276.72484665204
5753.687841181268
5862.519062549074
5639.6821210427115
5247.64439703828
5859.599415569336
5632.491411459379
5626.710018035113
5987.300464777957
5874.199268710425
5190.557151262496
5546.1711633453
5418.83884690327
5421.20937808374
5129.497160569617
5645.932157998582
5898.806887317375
5635.1228711961585
5310.802852873472
5117.145874956032
5675.334814530701
5850.691296917628
5715.371533773706
5945.204973425757
5811.8231351774975
5605.777637968678
5986.802101121858
5853.289266265335
5718.75924930833
5941.610490781414
5630.00240890314
5241.073638059575
5334.391880705442
5553.1517948024075
5873.028926188126
5132.637085347651
5733.300412570948
5609.266678884766
5567.290664598687
5275.952545672306
5075.1069231626
5110.5473471522155
5648.4934965476605
5261.89054839018
5132.968329866042
5263.650214907651
5909.7333996453835
5677.132864877956
5152.820736814211
5191.081759428355
5328.491852952231
5652.162182728468
5349.421515579266
5341.251380998497
5710.495717971359
5539.917704206191
5341.103905721266
5514.8588612929225
5161.0006515147215
5013.514787682678
5455.467853203231
5983.760278725415
5242.7646782505335
5268.058627164281
5748.440820144192
5813.991138995627
5063.027823447251
5724.727505195364
5772.89456364145
5365.807934821404
5793.94534957826
5914.71434325552
5246.330865734984
5175.756760424806
5549.791410712452
5517.279588026336
5335.650159112855
5462.488645574563
5083.191028024632
5892.800341505978
5201.467557660716
5113.977252197593
5395.932705962438
5076.187622185201
5595.86219132133
5515.5040816895835
5268.864726842114
5217.063319085305
5566.248823452436
5598.691946036803
5939.056463394428
5945.528435011186
5687.957649505885
5262.989040515722
5195.937705828219
5148.896599107672
5301.50932199224
5900.150392231706
5506.004917794758
5597.196069944955
5379.972454570005
5833.677320797969
5167.731950516958
5646.778639874447
5649.186839320148
5035.81641415306
5964.2350247387285
5584.021029799396
5199.741658892949
5199.764041848989
5576.431482779131
5835.527526405179
5640.015277509021
5350.599499109642
5411.023315356829
5962.425488369464
5824.2922068738535
5303.044362403754
5988.325337714608
5056.106276622361
5415.9505068289955
5777.3503073289785
5481.268360879781
5889.588007092754
5305.692774571971
5967.82193290742
5728.0170515941745
5767.499192006631
5290.4675615901815
5770.5459063304315
5426.693630631524
5386.440861660871
5087.656911122434
5606.902382138393
5668.83828383803
5865.805865355986
5578.264501636711
5271.101206703072
5440.5658000382355
5636.84905812631
5822.925171776144
5755.8131285539575
5587.797692789719
5452.182670567522
5237.813313251361
5897.478032798941
5236.023577047844
5122.7685302867285
5683.633627867371
5133.229066649598
5376.205071994256
5853.529507510354
5942.597784738598
5050.507201375587
5579.157469748039
5107.0762717575835
5972.800674212941
5656.713491467532
5402.046980712928
5763.106559718025
5767.833334974367
5649.002558062607
5754.20123068955
5558.133615889114
5175.478153245396
5454.632614088778
5808.463655507516
5578.17047134566
5335.198213412597
5899.107154690094
5713.9475619483555
5891.2480236555
5192.58915705339
5110.869490217753
5573.357878585436
5361.101388160223
5846.061086264662
5173.734347931194
5063.75020687359
5725.38517580979
5351.538311707286
5140.026348404808
5073.89317703487
5689.062041558114
5430.141943195133
5935.683389705764
5142.115896356524
5829.080497717191
5317.118094994442
5748.02651681198
5018.119513352003
5660.883917598845
5910.0385768288415
5367.357688493777
5093.4614208236435
5561.161599444518
5993.640785651749
5795.852731682737
5753.952967954891
5049.8770108515555
5736.02222832636
5057.598178222045
5642.673841501235
5931.885500608543
5848.613868171137
5703.285057285502
5349.9162974319215
5670.782548953478
5531.196106859182
5773.16685480162
5062.279635257045
5148.390836654073
5115.7708795475855
5513.741651772063
5688.489182212153
5784.070878252506
5034.407743538558
5908.266311910764
5770.052012746859
5328.9307517410025
5203.153620944653
5981.281503583976
5350.914961793923
5582.932686774264
5089.936452663428
5573.066890445236
5191.018463771253
5712.2059150601535
5006.551059482774
5436.698108668121
5549.039701451481
5958.603662303863
5191.264890427653
5014.587066670718
5424.45298269316
5589.986666341694
5986.150075477934
5073.757484089389
5367.7722661110765
5729.806592613721
5222.785243484808
5831.113515715526
5672.958230825437
5695.859279894412
5613.520872201392
5824.641444621199
5525.1149818100885
5806.960786538851
5000.664728542024
5574.42393459789
5861.7602894259235
5222.965697478985
5209.708184572593
5171.489702752667
5652.2935112361765
5143.283475501151
5507.275507955311
5770.849484314422
5124.875947433229
5232.98574364681
5895.931567170297
5694.260367294818
5063.429398737046
5254.43722993452
5973.919194575172
5728.952568560682
5593.541523910471
5151.861711540704
5830.478439151645
5372.850659207846
5771.78003055742
5548.480021652001
5149.899288819081
5565.066674308271
5925.277669965481
5728.400209851044
5994.537636340753
5702.777623017111
5109.584497414846
5324.450474770821
5668.74684354861
5742.019588783025
5369.877501609395
5822.931080277756
5202.938262649726
5280.440704209316
5845.907817703498
5042.502599985982
5955.587714106443
5213.321829534768
5293.422928081166
5023.273201731762
5908.399308510729
5980.0892904499415
5798.357178932434
5141.994930890641
5940.220112489957
5429.307565988225
5544.220249304082
5764.208257968889
5324.067024342186
5000.9938564519225
5184.91679223247
5206.3657782796845
5454.184948651102
5911.079674110789
5899.679984340971
5249.215509496085
5240.213146417246
5042.077420205783
5317.856282937823
5773.08498773118
5812.1176222903905
5335.353808997818
5982.9486965614915
5874.630159368537
5451.111896133503
5638.722414400851
5957.805009610994
5924.381611250228
5484.6195756259785
5896.590172808816
5864.848747606984
5666.309615026681
5531.209943309697
5413.47959684559
5919.872624236836
5508.464218602362
5553.142658246353
5559.511907982896
5776.174475970932
5008.686505278428
5469.083214163091
5112.166751526318
5880.633742178258
5088.286625699563
