885.9687490205656
547.7652058072174
501.19890640570424
522.9596461111921
788.475527694789
638.6254891040411
510.08039063323946
745.6232823410181
572.9716612182044
800.8183534497872
969.733125376746
663.0468832103517
509.4226110284135
710.7102287219741
876.002691675111
928.1847694097253
668.883700222109
765.722009315419
619.1267611182429
667.0724869798066
760.3628620999714
774.6657328346306
719.6402579998555
902.5451318641115
580.2810529761524
826.29980821758
815.8536899436475
627.3421430511286
992.176160103133
636.8032851896171
840.9761412534904
958.4567939030851
607.8434871078788
588.6876811152821
671.2882670022655
556.5457500017458
544.1625207303589
954.6458035816762
984.9854275315307
589.8165367761482
562.8904057067497
977.5069415452504
712.2494913913957
943.3942926353923
822.3818175924949
527.7642930797847
562.2080318652024
845.9330672038934
923.2386006052279
901.4698304934518
817.8919069597939
752.1658134011385
595.8709450700637
667.27024353362
692.7393792100527
767.9325396164722
779.5537665286543
706.7280907519405
547.1301436513753
722.2462635933109
888.4520378589864
976.9387688242037
784.757645053505
727.5211326201504
942.3623291782797
893.8867501665834
569.2754014178615
519.6293556503583
762.3182920305658
702.2665882224911
521.0049548151911
522.0260376303537
925.4046131746918
693.0720979575178
745.1976089181392
517.9604909337041
942.3592257827765
573.5015875703325
584.614225698323
589.8619237948267
829.7552682025658
881.4336955393737
567.6424808998669
560.201567559408
834.3566360902145
811.1055191102105
540.5824944264252
524.456508981271
909.5221877193558
707.0754045450627
766.277124512219
559.5084087511121
659.2536882956633
854.9129167930232
552.4235944533092
923.2675135170102
619.0909181126299
835.1769454664661
529.0037635795572
569.5312565677539
505.0916831072689
917.3878846711846
727.6019357924741
529.2267968082593
659.125058245042
727.2854704469223
809.4894048748351
899.1600437987497
881.8045697127043
887.5351937346111
876.0626967777043
970.7647057198338
601.447717585147
679.9267454578263
609.5266190223914
707.2533460567356
844.1497347681875
597.1187236020036
809.9250932677262
699.7878702883435
579.255185985705
991.1168750561817
607.1708308347795
616.7138303510371
763.6427971086372
870.2992152585738
710.6534434602358
745.7938208940611
723.3782094565743
853.9524883296308
864.269900120167
792.6869258187438
928.504448108728
953.9983602338627
742.970718522502
677.0852262756357
737.3717246787497
580.772375910296
741.2182292954485
891.1722319663958
933.6170603337067
503.4701698532689
770.505344676684
708.4515823014126
973.8918991088705
539.2463058401999
911.2944104170623
731.7700509233912
899.9693313776187
793.4544004399511
734.9107319844911
608.7607950354499
606.1052280352404
922.8158521306173
825.4586941031134
869.8440409572879
636.0221725804939
513.6477821304312
623.3049980022587
712.550570893689
947.576575568359
734.1471113438841
838.3330145685267
782.5262265536845
644.2649484610399
664.6238170920518
608.8207287701043
754.0700810876431
615.6881892584939
640.1758959692869
630.8027605988868
947.1494012143996
913.1037411436332
632.383316803164
875.0626504026094
588.1698691240699
908.207546275814
749.4360740196365
899.2786934140421
817.4129890007055
644.7573500313491
537.3700942492559
962.3503678891598
922.6893635717968
762.8317018802042
839.5580658862223
994.4562008163549
997.5903668521557
842.8950582577676
508.68077516021225
878.6823653408031
834.162461465535
644.808789110401
877.8449573870868
959.21483191623
742.9981420757905
631.2948978676047
912.5472470188938
960.822359296357
789.5156701282027
642.3676391539419
689.3886707558075
540.2800171016866
608.2270118033549
644.7652987034677
737.0243353413553
990.0920618491914
638.413895843597
737.5460475095314
710.8588567013906
752.1292540634314
594.7840910244366
888.5914327403985
664.9957578847451
923.9821612513643
618.9633685024146
696.9053998693471
905.3819250846184
939.4534425381125
739.1634764709827
772.6004900913663
968.0691065884934
703.976836037821
848.8297743313726
623.7857835861558
513.5591428125142
916.4417777100116
826.0071104358278
838.1258783115277
536.1515069684297
856.423030172399
957.6416982313133
947.4876650321457
507.6070870787174
567.8938411361956
749.1742052307574
559.961757765905
910.8337439022616
863.1729040091852
590.5867873613956
823.4214983830336
684.1562353860865
875.1676959959044
500.0471149039691
987.870942524276
509.1514982357436
771.4301605039684
668.8131664133231
987.6350966724352
771.9567896308
992.2776524556735
630.7826708586056
913.2640257903678
903.2651333543283
548.1419864752962
855.8207010427723
594.2810169305295
660.8791426640317
825.8077597175547
673.8673082577426
500.79079880803704
737.0347622066804
964.2666612786741
779.4561313277911
532.9320086234941
717.9525859882326
813.7076141034127
773.6970699695808
561.6622760872641
950.9931636639083
927.6355008283738
729.3861725090849
925.9090043788581
784.746171640751
588.1225056071416
516.0927890335914
976.8860648025452
520.7448187594459
743.776379469702
934.5102135771838
714.4484801877154
525.9606124535848
830.8014732425231
931.7984951036563
713.5610531546888
960.8627141923512
993.2209817417393
906.1658664277767
864.4855008245021
792.4862038745046
834.3789188204915
809.77689990823
793.5711193685461
891.4778315186088
934.9351681090201
599.8218391835976
510.0685321528157
844.2109857248612
844.4725132083597
690.8648586093232
832.536520401655
997.8181684596199
627.474133261536
901.8141713925035
535.3066163873756
501.9829107476751
715.2956384972841
680.3607101987424
977.9083439171952
755.5890324140139
591.7700669843684
988.4026535269645
762.9023813730159
765.0488490686553
528.4501680051513
605.4511834318656
812.8221446425914
569.325415386289
562.8511560554408
698.2007164141089
856.481325280118
569.4348717125492
784.6635242511959
507.42746647098795
512.2963340013663
928.2279371093598
996.277084913562
879.3862213707953
618.1633841170064
906.5756268141123
773.9210278370609
704.8880867096663
808.8686347123237
521.2716248307526
903.6397558374155
724.732837539085
928.846684114439
732.3256480415162
688.0923890119707
898.5158267661461
811.5372607661686
674.8407023529656
864.5799360889387
554.0976019455715
971.3514311656899
938.8924586780083
795.7172582604505
503.44298322202155
813.9154553726576
888.7663554056969
651.850444476588
666.2083917408338
710.0541561851848
554.9139231152207
578.269494513016
968.8395745587412
512.249491606135
925.8695903178319
546.197569645226
970.4544829054536
579.543692519295
510.1129001866817
576.9306768462013
954.1274776495147
946.6761960487742
860.7157280658116
723.6620803938232
975.6221004803335
840.5730839725331
568.2975253641547
944.8582114141791
808.4699506436291
875.1938139207216
750.0473252816964
577.555200630811
877.5592254107291
554.201580198585
789.9436045507351
655.3480719101198
823.3630536792268
699.897767627865
770.790093030642
616.6454802111066
812.1657521703216
973.2700945740082
661.8289549130272
714.2559858930638
640.0343621250701
528.8050064461322
599.155690701094
974.4343305103573
782.6821413712235
922.2522622859585
967.8653867359587
511.9582091192222
913.1259858034871
685.6244875759604
826.2603273224544
796.8634164846424
830.6296922897352
657.3507799708659
668.018930828651
621.2399310215154
759.6005396444281
600.1297380998125
803.1831756337867
651.1360866542492
732.3528874902145
601.6163956296133
713.8362134307953
905.0100002002921
660.217477862574
643.3597090327713
533.5189738788746
797.5053130383106
633.7080982031543
966.877446344887
639.9554720161013
918.8207628512464
511.76693118917547
647.7418932494184
550.5401125899019
591.4797880304466
761.7914202282602
734.7771473186943
955.6933358507982
812.0669110185066
916.9113217919767
648.7099421007676
602.8264466280611
936.2586679388303
840.4701700624234
865.3038250645442
769.8529618850996
744.0195217286503
729.8327920868352
608.1681136159309
821.3777026986622
769.3109407567929
641.9035489633148
573.2770970302806
852.7064220264351
676.3150133228114
628.1827914455585
631.3630408965696
979.1261171757561
510.0125226690369
886.2861068890261
683.525026071273
686.4458092363044
504.9148483398997
566.676715913668
840.8408667527478
945.2079226800982
923.651996987476
807.0443845549074
768.8088558263361
842.921472014714
556.5568860371171
908.86764581687
711.7123076298664
537.6839821294204
684.9221387310691
551.8427785865297
796.4730607852259
577.4553946679084
634.7621132134691
526.97441157968
664.5143743688969
560.6588026220376
878.3449040034243
628.7384040988964
713.4142393087
935.2105407309734
524.0272462617576
695.5661915518103
525.9209338571654
734.6162124268669
865.3492808738904
838.139966839231
639.0894141835167
640.4341008032811
699.1857824376991
781.5979787722234
553.8307651071668
817.7844556146676
581.9176682966407
776.2612057633773
861.6519509388086
529.1076843884149
572.0897364108913
513.1399771298964
922.7776802263456
836.1748581075071
659.6782177107515
514.7602958492272
956.2314580819098
522.5644368516095
858.5381471180258
611.4284792407642
711.8704803054436
857.5046840745117
731.9589782099371
513.5782238614403
906.7802463870728
586.6373249683172
595.1713765223459
831.2697815230741
928.9891377100405
755.9932551878667
637.2967037826513
569.0564431524176
937.7169373120214
778.6779898473624
622.1148690572717
822.1865131468326
913.7163066291644
870.6649772541278
637.1354165636874
986.2857105794129
658.8513264830904
944.7684313947241
923.2357338861133
684.707002555707
965.7192077699792
707.693755336558
828.7480018215699
994.3896223481158
892.4850341364408
699.5784576686423
897.0288789152892
906.86501199897
958.6966228455177
762.9061309051519
906.657777270334
669.1808124794944
548.2039426396225
795.8476977382054
862.5242858780398
625.3786962535155
722.6897419946142
631.4479255962141
992.353794433348
788.7200386035115
771.1498930899199
567.1961869670967
853.8989963135747
817.939551207889
807.053182928566
941.114386387277
564.2956201360705
733.7006080880886
878.9503166147333
945.2662812661151
576.1653930705407
841.899983656935
852.1238954118533
847.2076304573553
799.0604986975949
796.2184908726354
811.5311025832782
706.9153570795245
879.7519573791742
991.5293366084035
646.1563850537309
523.8491225117125
653.6336343073103
945.6218062223813
814.8328733839219
931.6213158439466
855.2438209972777
952.6310176310001
739.9912681784854
801.2616023828186
590.5396036583438
978.3469528973036
876.9600476440007
717.2584623373845
731.1786352360585
851.0803666068118
803.7377300959639
884.2065698539643
876.9952548566891
810.5548835280285
919.9946142479084
681.3953282260325
623.6430773786446
833.4946190824278
831.0064806456057
629.817868035609
694.904599413687
890.5264472273095
743.134258750941
829.2784053910657
882.8862520288885
739.5441391550701
881.6784351907265
860.5449864644454
830.9023618277752
867.2472473277228
599.4718533186408
933.527632455374
994.5777471302656
703.2022286107946
899.9428949567449
691.0224216386356
583.8291011887613
720.045247905059
804.9338257279313
621.7169687584719
774.5312494146763
875.8651655255351
934.540259687964
857.8463596739118
847.4791673856282
865.870709581915
534.9424856999783
606.5174929664482
591.5273706560456
698.9345730805866
733.4545895269204
996.618741955439
687.4955064202205
932.866308004223
961.9987589178558
720.604169187844
774.9036005493011
999.7343069338084
686.2207137379776
669.0125135905289
546.895911299652
554.5293784901588
537.4590196332473
862.1464376881977
976.1614445149166
831.6808539951771
527.3292377416203
500.3506991233877
683.2845655274874
756.757955552393
865.7411514317405
828.5513721992038
651.3284465425713
853.917844692887
584.834615776694
787.7269404771093
617.9297067212414
799.6700479314441
679.2292861322936
694.1961724858476
863.7367133843825
746.26709400035
634.3684437433958
964.3955456207201
522.3707203932789
677.1292605889632
906.2480451013103
824.5033282680074
966.0025545460651
776.2120969425903
878.0279005231282
536.8873818526345
586.0228416067416
694.1620755674653
724.9697385914199
669.7290627824289
909.842785449081
863.7208053510149
866.8527959341773
796.8554083091644
647.0642035139365
585.686399402904
860.0457793606029
613.5220705385914
792.0658443049956
859.4837405278827
822.9629656357981
754.21410238654
593.6859092301114
736.3718487246861
531.9172187177127
891.4217761712471
783.8221814952713
673.676349392512
793.2854321204046
644.5556764549049
613.0483590464003
750.7369967326763
668.226794821979
708.0954420097506
852.2261279135864
924.0613920141859
739.7752334657623
588.8588873782837
637.036627755947
611.0370006873769
519.0405277096728
754.0360278873532
758.7193316014161
506.3029361327909
718.3907642565782
581.7866846369842
720.3124982893414
618.2930474788482
770.2907986856803
856.2602717639197
690.1024494496983
659.5818263631515
568.9444706828292
893.0110809667835
832.3263062654526
905.5699200647537
509.67501659504336
752.011150946012
804.9346534827062
685.2804090918607
560.4265389445078
923.4562465619637
530.0544407617066
913.4994747593587
844.9847189590658
948.752297571019
877.5549403092176
568.9673990931879
595.2203516659958
681.4347826146128
805.0091152516138
538.1484912553432
655.128958553811
920.2969906958776
895.7295845609428
663.4789183801664
882.63022737964
577.4436489863232
585.3802325479521
795.2349248013404
756.7619896380488
968.9074159615493
755.292951999627
605.2495403846896
647.7719084224241
923.2846830637868
555.147984717295
833.7140535846636
614.3039380616337
738.3982833676453
623.2636333549809
857.2497839975588
913.5627130929818
901.2007834939623
830.6624226833264
516.1585064604043
730.2748778886391
713.4312246322256
607.3244353957931
754.9044392657164
672.1541584568365
646.7940045110474
512.1987918634932
585.8950465829857
901.5930888247146
634.8755872789815
728.0805884215645
926.635437079488
544.5194164504655
741.0467485164829
610.5798874435808
879.5697468604509
558.9145832980494
770.5391333127463
854.5541171670177
995.1624784907949
523.0101593125355
856.471006071841
654.213841707089
660.7032620927032
585.0389882425424
624.0549846989057
804.468603991111
544.8066345077208
755.7072241353123
866.2341822661482
749.0599796125858
927.6709888215229
717.8211772897921
558.1535013392407
866.2849139133011
760.2682633488732
537.492925176399
747.698842190437
993.7394495635256
768.7861466515169
541.8491909982812
768.0868621483488
719.2833354965551
545.9535835812743
576.0643875583945
837.8980161990264
697.5977998074827
960.9324108521546
565.8981196635576
567.5901969384537
932.7606625294716
724.8080254829373
864.8575927670572
666.3231994412802
981.3101008542874
699.506558545597
613.7228162172322
721.6618188137182
583.5887768443232
599.4443314675816
753.0245749663854
570.0440579348297
705.0947302331151
651.0550063987895
926.0593778838811
920.2676949006999
827.9913447819745
757.3879514551061
561.6745304172175
660.5006438605574
864.6231423380889
561.5904385501574
597.6103602586269
740.3454397786784
933.9115014163281
631.9234978285693
691.5552465693507
570.8637115527055
892.83008495528
551.9601306720388
586.6104681303073
839.0365159587983
548.9413000608772
924.2886846589709
650.4925465543719
696.6014107763149
751.222857626654
802.936153103391
738.4450417480698
543.770477685923
569.0300178018672
837.1383115195008
948.0622231820187
968.8491507473518
973.5176514584603
568.0299371526479
659.6243310031325
798.5108163948053
678.8078668618865
883.5095483690482
746.39906994339
769.2371440330153
541.1211475625273
711.5157426459214
803.2885018581926
809.472854439081
545.7233189574013
710.484970150798
932.4844714491759
867.387737880082
541.8904220602753
506.51304794373516
685.2479605778044
904.0850264146644
966.6126839123191
869.6956522381413
617.4020477323679
942.3217391434522
794.3330522414884
932.8045118441025
984.9269932310044
658.7425852246116
672.657329479555
927.4021028550688
822.8532127902758
824.4295111850577
617.7837040469933
762.4159002619425
524.3547212362002
987.98502923922
735.884491462842
797.4846940700337
912.270224588179
811.1615329446661
556.4439847474706
994.6660622019281
666.0667259267326
545.1159299371286
797.5286135986605
991.6414721538456
911.7336841735173
629.5497923463106
886.3542898739684
815.8842637652804
660.1890814830617
522.0539521821747
807.2236578807319
972.4752022622281
908.5346594885109
899.2376601840335
877.8688488267371
521.4152994136317
988.1422708966209
530.2406866907314
891.0319110906833
706.6732133105199
586.5323864138627
953.8829617523229
813.0551478560709
565.2262557819455
970.7247598072779
647.6834324735723
590.9776264169486
923.8450433486664
946.5379840291719
623.9209389330895
934.1128360867257
548.3685022647913
707.0052686119376
557.2566266370658
870.9803580448386
722.5274433869997
894.5699395779513
929.8069767670991
967.8173553121006
795.1914294903415
542.8395602534749
876.3212395551338
510.87060227828516
918.1515683839017
541.2309689038557
636.1248392625394
686.0618333453992
685.4865895618834
815.1153930953055
529.2172977752213
867.6004175201806
862.2751244597599
992.2704422896111
852.0217868135308
708.090015385619
558.7424431408724
677.3083918031931
761.1945508964837
785.1223253613839
993.1936697395494
880.2956868559975
950.1398793555954
918.5146486570538
596.4565271268891
796.4478037860661
894.3168264802478
789.6185425156056
503.1308591616454
934.5056998123039
844.4819725803
854.2420143828149
770.5609411646708
863.4522681636972
871.7451612446948
902.7094412376438
772.4378396063507
754.6063297769642
677.4076788215752
587.0437083504011
534.805259823517
800.2499843054775
561.7053601432063
943.1455344156659
947.7077692200169
878.5346156416018
674.3097732865906
807.4106060208223
891.0893382176732
993.6868233522366
955.6457652582775
600.4820808801949
723.714733892601
855.7510051218756
993.4666744223612
614.3359478896746
619.8368896404361
887.3655531654126
772.3174494805819
922.1658539641146
990.1156849557278
501.5755599924531
987.2809177419132
573.3646239651059
591.6563593499254
872.0488786333959
973.204865591435
606.1412527686543
550.5313481916847
580.2327819719517
691.1207459686143
757.4344787394873
953.9026425190821
996.8402942639573
860.646195207854
920.0169910151803
653.8350484568117
606.4724369479801
903.756953126808
688.4723408745895
656.8330759118694
630.2279946611709
668.4526438257899
911.7427968809866
970.6318390732056
828.7480186370626
945.095192394929
550.0365923362613
957.0385772145389
835.720324871889
802.197418911677
832.3650861053919
647.6978686772912
949.1671452660737
719.1898847224877
692.4291476496011
691.0366425373811
993.4724799381559
802.031268985996
723.0679932372618
575.8337961047571
994.1055747238149
998.4803649406829
973.1913636919047
561.5945706992795
605.5630662323114
912.8448366222922
737.1284665420357
870.7762778769616
697.9327691178613
660.2749372310022
911.3279792707368
640.2540168504254
996.0982515487385
755.7435054053861
507.2623727158453
961.4235703501281
929.3000202241358
909.6537641951353
987.3848420371855
683.7332871785811
682.5610859679931
615.4675802818992
917.5627392958388
651.721191667154
768.3290123351346
571.1922932307657
583.702629643934
697.8867081862552
723.2242560578335
675.853063590294
760.6921723606354
608.3609008611171
619.8748721543077
573.5304360617903
580.2930958204075
642.3839147645903
947.8571454995065
583.5368958234427
809.1028382974123
965.5280085702996
628.5594864055939
598.2817428612793
990.7080383988528
670.1621347416876
516.1607483359847
891.4384953001314
525.4018402475066
670.0115761625387
746.9334056551949
603.2535846992362
924.8747676403768
501.1288890670993
758.7368803519381
626.9510659608619
666.5677045435514
976.3817444205779
792.6120194589953
770.5046822787892
685.7002142618613
562.8800628305171
890.4855825659047
547.9979106477617
582.8703384160661
676.4201587075784
824.5812467005926
535.444164162328
522.2855152884456
739.3094973372331
574.4847014848816
949.598552021474
883.9375355551392
603.8253086801305
962.037792626161
929.5638554087546
721.9286700283717
838.6783293665783
521.0075500919619
824.1200993124296
843.724813285534
871.9835868334526
856.6828705810038
787.5577328214999
506.6238852974511
792.5031005219948
882.3929054928103
944.1130690491391
768.3970294579813
705.8614439581239
618.5540542352115
507.57157431943796
995.3143064071073
630.2669282901172
663.8360295267505
919.752270501422
839.2174172978649
761.5421388084119
547.8734423573702
742.9039789283753
894.7934904973795
513.2673757234052
765.610712870036
751.9399194500934
703.8816811747497
532.8590162998785
584.6196188913675
706.7226599937584
863.250489456233
804.521684507846
920.8147374206367
927.7786950003808
886.8172577970364
792.611613699831
772.432391662898
902.2914632498764
742.3720877854504
559.2940359775023
597.994252671362
725.2813233370546
579.0044853576222
968.2514260277587
950.1914280606029
776.0454300122162
642.9722061870401
563.8157082986326
710.361315638778
757.1720680035601
758.2716035551437
572.7342934944783
658.4024427155894
667.481496103044
960.7163722993039
986.7888032377869
634.6686249083307
807.0678801542674
987.3786833830741
869.0501937919255
515.2233588898503
629.8323861241317
978.9516206043683
937.5127233238971
624.7770730158405
993.0730293018466
847.8336104027021
797.2806639405369
786.7602964347386
975.5516820146693
715.8756576872815
547.8412630042087
934.1306544213783
587.5071302789888
795.62229007514
863.1576158733646
585.3300582846559
887.5288922442899
756.198232693472
641.7101453974502
564.5217817037329
776.5693146443805
892.2434127140386
583.6698542377451
530.4294656486227
954.1197452873819
690.220933670822
818.6825548475357
641.0088605758588
716.8523235685795
938.5995679401062
698.2589712097067
607.803337853778
840.1840510435359
969.0421234137922
937.0329547383118
683.5108300720242
798.4388435542489
888.9497996499133
503.8361401246118
842.51650278541
581.659456183982
940.7131669871083
783.3370745466761
965.8105058596848
871.59858529047
783.417396561923
793.7473939783753
721.9963687083596
925.9382972851732
888.5026098632763
935.0962393999682
869.2597003932387
968.2831379033512
905.8305245816679
679.9769964661554
661.7023894668448
890.4671311116206
987.1432351184001
674.5077387205002
660.6352779180258
596.3798819840722
916.9432038208349
516.6911827302653
676.8911438672775
749.5099636596883
912.7244173435427
858.8169779631673
982.9205409393344
754.1017135002635
595.5814779961158
535.7161430123093
719.6950267651138
617.3674277363571
609.7616746736953
773.420456210873
569.4313965509662
816.3422242770062
683.4733753917789
699.2569239562978
595.7501149933653
654.8006872420061
956.8872181468441
773.8038249275725
633.4097887780055
671.7542283436201
540.0504752985605
951.4693999537958
826.969502464046
569.6486987848117
620.8486149681415
820.8476660614745
925.754622761752
854.1146715529551
731.6272925527055
931.3007052556953
594.3889000993604
754.7572409979055
730.229485769149
558.9989469809826
863.9941865798753
974.4010245626207
607.6401161741476
828.397622977981
699.5585221566241
742.4339722984803
964.6236028517254
962.3017661985825
731.3404863075709
850.2025361055101
922.4966488161385
666.990051778531
995.6241643908679
682.8591409567572
746.9312167287326
502.69072648609495
740.9050756631925
972.412251914759
645.4744511479819
638.518401006719
925.6175785124467
956.4857253742116
543.4251567233423
666.7651418925514
809.406214860663
975.822556289999
616.4345900182736
756.7214845512062
655.7253301572583
933.6424491489793
503.86356890817933
947.5429120874151
569.8454733958979
871.9737258221871
618.0577761884448
751.7195621695641
968.4701585943448
974.9794206316883
508.3490909105938
889.2740607629905
661.1475922765858
672.1381182754035
817.134677552277
531.5684377346272
578.2015448402061
969.9038986076982
620.033123583621
697.9970909843439
788.7616594456384
836.0480043192074
545.4403593498372
781.2665909724791
813.3545338839749
500.8464509281963
667.6283751159326
879.5745219737137
968.860946403446
657.301049673902
538.520009475312
892.0789313303407
745.5757006732463
752.6998285897317
505.60077077355714
559.810351519333
592.3436299676135
550.3243763063712
643.3001636374886
736.3760136274553
984.7560618366907
997.4683711407331
536.5764380034793
831.6074324713345
583.361378646893
676.6169232174436
518.4528633323679
830.778886759038
603.1200495773348
649.6737708994616
897.535999031788
918.4388670513747
698.8687147931693
606.2377108395805
766.8206993998881
964.3977234729398
611.1707175439101
518.550951282442
953.7104770829646
534.1701443507546
774.0289496386756
629.0181128014376
877.3429498865864
624.4082955450176
628.4283251803837
694.4316410615479
567.9832600767326
732.2115603415785
519.9088800241556
758.9755120390121
796.175153730674
722.561955451784
938.8510423495159
746.439979785247
840.05846622802
731.7369496420331
531.6446332744404
655.4475373708132
754.6454191572931
610.3653898086934
621.7740475525104
809.2070774453452
600.9969667906673
645.0132430377396
808.7813876007266
648.3835780858544
742.1801469471798
756.0498987426413
694.6893339199104
731.9620457480758
800.9515866150372
573.6525558259709
669.4221126891127
513.5168123462837
620.6430675709942
818.950901444271
986.7026399899986
871.2755963992543
505.23681948323326
927.788932105101
932.3524526518654
630.0438235637683
797.1819817527003
902.8655841256075
610.0111145298707
544.3008198499259
659.0465593143978
894.2236243409013
555.0539092803626
800.0186984321415
747.8488876061348
951.1496679245413
776.939174864418
525.4784912837289
832.4780991339385
587.1565394773937
629.1962159867008
557.7790429915899
744.8403303279166
504.8771963962331
808.4203662616923
744.6168238530043
589.8803771276541
826.1723145956795
710.3798244228567
636.4023174979203
963.273090036223
921.478871604218
899.4129010215785
583.0249550408888
925.1649899725412
712.8701201556916
774.5108009487451
541.7848856571242
555.451559893737
563.8170021351891
919.999386726713
566.963681926102
772.3878197892358
506.4368779585717
605.1357100820015
978.8058196182112
703.8200619508439
825.7574212015934
