0.4087468779557666
0.19418268374119038
0.46097225662773456
0.13094843120941954
0.275221625432849
0.33670681212239584
0.1326461854207123
0.3803548825039883
0.45992586667624324
0.3522028641265844
0.4424468933418847
0.24916765692700182
0.13108844424928848
0.301006322805793
0.20636133339122026
0.4672958562356888
0.3855635939562744
0.4236628785891142
0.16821515987688546
0.3627002709627619
0.28441637390212193
0.42482635190996876
0.22519093079178623
0.4803361309096915
0.21785417055204714
0.49631670923382887
0.17283384849317565
0.47442374744875726
0.2875368634001625
0.2919438131700941
0.27331997476271885
0.2778274437044268
0.4795470926727122
0.11335312272096099
0.4308129478979493
0.3814709919023338
0.30487281609657546
0.3122930970823242
0.3317286758285285
0.11457960887467133
0.18244550008659188
0.38445290980682123
0.1471885699086739
0.1848836362769558
0.3050549297397035
0.4697216011354082
0.21152463352727163
0.3147997377468995
0.2941770230033772
0.24294883703577277
0.2844038677848628
0.4002931098935585
0.4057739484788737
0.13120284549629768
0.4870182481508729
0.42234898548512445
0.47413540837585166
0.2533397217937275
0.1856102452736686
0.4701354375913944
0.3210917858083514
0.21389948633555786
0.22195129119005716
0.3075615348267787
0.17865093308279595
0.15877589705887105
0.49623968303139043
0.37700039901510585
0.2831585601638231
0.3662360564305609
0.3568217988431074
0.15520914883376316
0.48849488599657465
0.383818475012915
0.18767668660980044
0.2533295188374244
0.3799095716765113
0.3480921958476314
0.18442785215429713
0.23773912767198757
0.22445104006190972
0.3722652528610412
0.12589625904181437
0.3426226301366472
0.17296850687497928
0.3404684737495085
0.37489752185035463
0.40188586835529183
0.1100417533392847
0.17877732101407387
0.48030826319103437
0.2138258403269654
0.4259080661034099
0.1469675404378614
0.43456997402185826
0.40183209155122945
0.29836691320635866
0.37190279772218104
0.4741930963453981
0.23972531067771166
0.16313884520660682
0.2794647662118894
0.45931600286189755
0.428771404061404
0.38661864168985305
0.3601751243219138
0.27846493523596694
0.47076235378236875
0.48996817348350064
0.3060501008178028
0.4994633360370023
0.2449818402552606
0.34074973881956216
0.29456218347837937
0.2912793300259143
0.39566948327328133
0.4947208063228965
0.22507577739845278
0.2318945670383351
0.37016269792243917
0.41951346239236986
0.1790362763768224
0.155990406373835
0.4222596292795916
0.13931721165350971
0.3887770661080432
0.12816574036093198
0.11871484891032119
0.46972235677086316
0.2799057615900703
0.16418549845422198
0.18605360379910746
0.24762096551231028
0.18584793287701076
0.48518119073111887
0.3386250615187685
0.49064803274048086
0.49765801822007616
0.365571251836482
0.2677085468592127
0.15788312482478184
0.2347758269351623
0.12085120465110576
0.27713881638440374
0.4651274000873914
0.4001000762331367
0.4501199635027294
0.21352446046967877
0.287206594513715
0.28034684830339096
0.18652986839830601
0.2495334690690777
0.13795811426723747
0.2820039530072964
0.48758669305027824
0.44298688992394264
0.38496267812933016
0.1405807127324486
0.1844229283313566
0.24753761553727777
0.44912914482568556
0.31839481939551917
0.33424942885965425
0.43051254445258735
0.47840635890196037
0.45822081941405124
0.37384617183963764
0.23629233193881338
0.39895391635581756
0.40054271246541473
0.3217450195440273
0.26614523070435836
0.10162876319385306
0.4985917714142646
0.14019763558543796
0.39355661720269985
0.4799192438076273
0.33701745809191214
0.28739213737233166
0.14126633189631743
0.36280396550022054
0.17111195905770415
0.465044297151353
0.434198969371665
0.32223424900742936
0.24458121122903914
0.4309321703677018
0.2349514119027207
0.45698663460181377
0.31179233614533813
0.1861821945386961
0.39286775829696163
0.22095972288205262
0.4929937573347771
0.4299450716252563
0.150917647693781
0.41841741948040967
0.43400333674023306
0.4323455737230628
0.2149717029982477
0.34572215597057837
0.41604245167066833
0.11642608245772479
0.14553476707781085
0.4874642435607218
0.16646350072348265
0.4264285686922521
0.1908765093956414
0.15931055073942968
0.250162142906432
0.2895058751098257
0.21766757085863359
0.21965232161670067
0.4245349349453086
0.30846290772108975
0.42038024105852
0.4229164042517489
0.3565870114031803
0.4676448989438018
0.16520243926545086
0.13613956954530956
0.15402553778565442
0.21687949776917761
0.2376182866130926
0.22922607943263557
0.17084884875987463
0.45699892224790484
0.3064921265479551
0.37538183330722896
0.18392837360244646
0.27277454965209125
0.3526763276645175
0.20981390806857056
0.20017591536341808
0.4132251418281786
0.21692029425927975
0.4664759657001635
0.34903776873065184
0.22100932759203684
0.17092590650296002
0.48117414084172083
0.3149485735217461
0.38417771257572053
0.29403925076884174
0.1097429716385582
0.1393672021211012
0.4903361834508584
0.17957608890376806
0.40613805749633036
0.4803073002084013
0.3705436483966159
0.20494430010762563
0.30692711742918577
0.41995110972404703
0.22106705219681044
0.4853058836525489
0.4895261956070506
0.34618465076369814
0.3174015248498293
0.3366313112637451
0.243628328479331
0.157386650707666
0.4476553506740971
0.14584710444633422
0.14738148358327058
0.4570497229714051
0.4080308384025514
0.36255318358700306
0.4806798601186768
0.30865341602081764
0.14760438712189816
0.26089806637245716
0.3057706476894372
0.30051292816965003
0.31819700626792125
0.2435241660325462
0.3042401034555061
0.16515042260479595
0.26727369540161583
0.4821185052191489
0.31711447528036324
0.2695857233164101
0.3879943259186249
0.4809012380079615
0.10700924091339128
0.2856141067480927
0.1461800565653253
0.14340108258055784
0.20258267461747287
0.4973174659556867
0.4384139433267604
0.48211110304206695
0.2714658127226504
0.1402206109792318
0.2647400715478755
0.3231815000070071
0.22839926418083017
0.3231073612269664
0.19896056302234216
0.48587414323725153
0.39762068199376166
0.3661684718575876
0.4106500148948582
0.3571425822552231
0.27080708868513415
0.16018117243905713
0.13359953880437098
0.2895862451970014
0.22064779282763816
0.4818582285695231
0.4396170947855532
0.22317227404881887
0.29511453498545187
0.44719261668903776
0.11921680270102436
0.3024707165025685
0.1661648826359119
0.4349028202000337
0.4604885342120575
0.11522344682095752
0.22441206973652517
0.2808064198431829
0.29211766814014906
0.15853358523025227
0.22695303628659858
0.4598692585576133
0.4822170625519432
0.492310594939924
0.43582987520639915
0.18506298768957846
0.3032449813586727
0.4204674186054358
0.18178896572710382
0.4991434687975448
0.10704758341665857
0.4073404368783643
0.4404690859835918
0.165571320465505
0.4178657409294634
0.4687508560487049
0.3152268125240243
0.24883853227525707
0.1792391763627062
0.49417752190636377
0.2884242504700894
0.2955157768036879
0.2699424993054583
0.14912957829001186
0.10504224664367695
0.47387533274037186
0.3431525115609685
0.32055568713577254
0.4088923633000958
0.26338435772910673
0.3044084263198102
0.15661389245252857
0.43723313958642107
0.20433910760453622
0.38398998709291055
0.17577178906403287
0.38611531525445386
0.3536275170946045
0.1375348443495406
0.14493516834333048
0.25614728999537517
0.2542873271053726
0.2963659288385242
0.1814489265255228
0.1890399633842471
0.40383419154139266
0.4201450182336113
0.11196227094207117
0.48841577023667837
0.4378517673273179
0.33927182572564973
0.4938569293968237
0.2387002020107698
0.232476776459747
0.34812465706129747
0.419257809326424
0.3784070578295663
0.22116764565430583
0.4828954868846249
0.17007445245466157
0.18387173916604882
0.1630163715932495
0.33514566493729153
0.22072539659803794
0.32781201429774637
0.37235634009439844
0.4068894828184172
0.3845770795471328
0.3512066550032652
0.4998211617963615
0.42020647736144323
0.32619720375572836
0.30857032586285293
0.42696683146375003
0.33191846937469927
0.32645016274975364
0.2401959353350374
0.1009501824304679
0.3530028347539531
0.4772018605330173
0.40161923685658685
0.4795357595760358
0.18828164163452957
0.25382773735059627
0.21257665714741783
0.15762339868506545
0.45849963551532436
0.2629895914985859
0.49854178624449563
0.17633727688997258
0.3795185240237672
0.1736886867075787
0.20399469602840764
0.22511560339935396
0.30635782027077996
0.3914729981563172
0.33466086789153154
0.29574825711408004
0.45017337909602606
0.23372087688236354
0.4701558929288565
0.2762186630880826
0.23380388709377062
0.48084621096618074
0.41604030440463957
0.17739832396891742
0.4344248429935115
0.26108658454624734
0.4310572180218043
0.41505914187013127
0.16464821873749408
0.4857220084462872
0.359251921071151
0.4870634809282913
0.1277602917512316
0.18482298061903113
0.24730724294773143
0.17739231896075816
0.1589120114980765
0.24494359848713265
0.4393710115934757
0.2655418077247196
0.4720389306055348
0.2364879651221004
0.38334089759464784
0.26501917602427894
0.4870076256874937
0.1600489863507713
0.4632159988896358
0.25986789057106774
0.20452989153809936
0.39200497895484643
0.22878911593535062
0.3763560504605271
0.33064044161883116
0.3827395456543782
0.13453894724648185
0.4494199947586902
0.19844844353459423
0.10830934713478935
0.31560082883451257
0.3179727998237073
0.2873403790174408
0.4437047777499624
0.4121418991579211
0.11456904065715486
0.3314929382159233
0.4064514725216256
0.3049849972062135
0.11169680516812575
0.41708428127766917
0.23541568482763348
0.11686316869888863
0.2791931409232925
0.22192855916129603
0.36438429439418685
0.40426950922964167
0.30546357444712996
0.3257259889343924
0.16694518061520686
0.46717890716909316
0.41512128116939684
0.11947264133950607
0.26992048952710623
0.40842552342092653
0.12334436011532404
0.28616091600194593
0.25237146491113627
0.46491202541999876
0.17717764365831912
0.47855375461084493
0.21735988270616904
0.24194653607438033
0.28538704730300357
0.3876552765549828
0.35389470119862343
0.25878699993428633
0.46596876893453265
0.22073007208390805
0.13324936699875334
0.13760500676799514
0.4938119018049366
0.45014732078277486
0.2232678703180455
0.4394902213773434
0.260332992179535
0.3190323386338097
0.4848587321952824
0.34271410002276115
0.40183143141429434
0.3604764436760707
0.1676667821965238
0.19390501751843994
0.4778173095832584
0.3581865400006454
0.10179615735267325
0.18936511958781385
0.3946799131756987
0.2402043353053911
0.37059213732646445
0.4182811007173378
0.18258121785575476
0.17444279645859917
0.25180843154041466
0.1273648949225799
0.46592059785407713
0.28600433464944974
0.26990804073210783
0.17003689632576552
0.15559153441090873
0.2681126846389703
0.4301823617674233
0.40460485426135506
0.3802020762485999
0.24519878421226143
0.36927206377570654
0.37016035492533683
0.23462977450518363
0.17581280136293312
0.42619270449960556
0.3856438235061517
0.4478157017953255
0.18556773751919456
0.18013960922175987
0.18104837797273277
0.38867839119054504
0.4768147387938836
0.4254292687228538
0.16367391221621502
0.24127725823398208
0.18111115577594705
0.2601697687965271
0.4166420017531496
0.4377386213646849
0.42682143714414267
0.38214166878463063
0.437964824014507
0.31478084907068055
0.3712788068040014
0.4322112198014426
0.30983645810059485
0.19698764398551316
0.47440466332506614
0.46762116350047844
0.382810022557047
0.4700571606641175
0.4087000779917883
0.4284981524695758
0.4270931504900739
0.2102446741638233
0.1733318898872181
0.13278686425034913
0.17396262269902932
0.3186598585666306
0.2938389684784513
0.34739673183774333
0.253844811404503
0.4015932656213229
0.374397040034291
0.4931921450383344
0.27208874958626345
0.4363468670670555
0.14783833475437122
0.3193692048653356
0.42851763485690775
0.2875049579367857
0.46105131438129743
0.28375210108968807
0.48213726126495426
0.1402447264001614
0.18133437919063705
0.38419697363879857
0.36554502037455483
0.13036778831635165
0.14261939936958823
0.272478840938316
0.45292693770375425
0.27939625454098194
0.11251318242641961
0.4448246440677678
0.4256058596044465
0.20850981475432684
0.20528490232581975
0.23961221566180996
0.12223959710557836
0.3455816528479143
0.4277632468680991
0.10303886333920316
0.4969278006195492
0.21761732145239987
0.25083154080325804
0.2008827455761574
0.13023247625955703
0.3095146343575791
0.46189303187843467
0.11889561174698732
0.26431016292212767
0.15774492139669666
0.36178967791825023
0.32651695478508624
0.2252208162902207
0.41476603581097315
0.1883600669753639
0.28908540339852495
0.1676348703859742
0.3718178451067813
0.30074795315160696
0.23090316839017194
0.14582941678815722
0.31086985332865347
0.27277562017724666
0.23905107131158987
0.3047337172401663
0.29614785415088934
0.3777799992047134
0.11153663261289104
0.3839722364406398
0.1306060997891763
0.1167592257547223
0.13144455534471483
0.20917372972870898
0.45140628130007543
0.154438651923981
0.12271204049237885
0.393346128104773
0.11268196403610041
0.4368849498688191
0.3905627031454305
0.35217381595763264
0.27900959645736834
0.2566849751897729
0.12702047196705624
0.47071028866537934
0.2271136020706663
0.2366720587938858
0.16236623129325634
0.48977265594130615
0.28536260281066617
0.27190139379238865
0.43476143717996396
0.42645159838052404
0.30580903239823837
0.2776705930740665
0.3419084929552163
0.46298199756618397
0.22442367622400156
0.11393086798304762
0.2574183388991654
0.28563294452586285
0.3168396395389368
0.11530655568194047
0.33188933241702423
0.32691115428082496
0.421768983272684
0.1982504808912159
0.40084412949836423
0.12015263294985608
0.46049493581642265
0.268835781509964
0.2996215310645497
0.40112372101249527
0.3274041954424885
0.10633176758237095
0.4059626103342906
0.4270178499216716
0.3485537723342001
0.3749672996378467
0.24758009921146448
0.18769043012095926
0.23096919304809924
0.25271554611833236
0.270703476301913
0.27354347191474626
0.19091541045028168
0.2525512619980722
0.41371193076890644
0.12202844419337766
0.27381275617859263
0.49177968804277583
0.17508011022917458
0.24493592590684457
0.4155161237992434
0.41200536505265506
0.27075237724107143
0.16862375153592604
0.45896316921790015
0.3226856146296909
0.1842860731312643
0.4249569811526265
0.3311518544345635
0.44451149290777414
0.3171551786463398
0.24127360016465507
0.303155216982007
0.15773263834524986
0.4255982472415738
0.39594575324273173
0.49395331060260006
0.11241834391218367
0.23296905354425046
0.4287612110615454
0.3098587653944679
0.32681420075510226
0.2842433048209413
0.22947525729233612
0.2654477269549949
0.3063274310542501
0.32314338542118454
0.15522211126679367
0.35717255797954606
0.24094770493688983
0.25973062921280643
0.4145790145278879
0.33193858024837214
0.14451306405917835
0.20659077283240826
0.12665130516757295
0.12816257570032372
0.2503441526393777
0.4760460210345463
0.24977294906108272
0.45492501272768127
0.25424135803126063
0.43043374155293634
0.16265013000231454
0.3478193703723519
0.13377569356749375
0.37836909634788285
0.20140948402437836
0.3324168417584784
0.40817495494184086
0.11298742052079135
0.15086652056976255
0.31621381321277364
0.44134132707832485
0.21030391122591993
0.23676140507992646
0.4276944240563001
0.10441864221608808
0.451464666426881
0.18296460149920565
0.2343133417235823
0.4885338025804865
0.11148040908679682
0.45862380522324575
0.39751709522097445
0.23980943637684538
0.484472256461542
0.23759607106384206
0.3630922103566018
0.3225943901424877
0.31459714626326446
0.25844648210566856
0.43142408331310855
0.2947213860067508
0.38025958882990885
0.14170620388349528
0.46698925880575026
0.10294252617322958
0.2636933129781992
0.3267141021389792
0.30075651581799256
0.4888209947695018
0.32330986167350684
0.4672638138377073
0.3681729475861172
0.4127811139670906
0.15647948844570414
0.36494605060312935
0.39867851565845724
0.1048191349982079
0.3841793141655455
0.27062976277876405
0.47649617665409105
0.32800471681323123
0.3417939772549984
0.1500925977948663
0.35153263417722835
0.3775712680644576
0.1569670375349301
0.3418630113492405
0.31765547022523877
0.13117773291172286
0.20285202665323454
0.1892439012145312
0.16655956333896454
0.3004554182520965
0.3715629717146832
0.49220109809532486
0.1532160073674433
0.38995706879839986
0.22395176831699418
0.19636587327841332
0.2358892028632394
0.19591493267486976
0.18045340562098966
0.3147588327666855
0.3767140584998251
0.25831911382706907
0.23688662642485647
0.34533545930187304
0.3791719363766154
0.4500279724438634
0.20734469330404048
0.2431474412058631
0.42131297589703975
0.2826090374196797
0.11245183442741956
0.2697482003339775
0.1793149960309262
0.31785478236678255
0.16682002697631504
0.17184005205532493
0.1549641183110135
0.4236205872717411
0.4143968848595253
0.4784364932049404
0.16371148255015577
0.32682665411352907
0.16354260742701282
0.1762168542503119
0.16832207954463652
0.4182661820497331
0.2843009091450224
0.36711347695786545
0.23964219850825275
0.4428686226113061
0.3840283520100355
0.28400004706615034
0.2630100160609744
0.14127063326805783
0.32729458550396284
0.17370564203666627
0.3469391599342486
0.4359660819564317
0.18433221771520736
0.3121486271928765
0.27301648467755
0.11571454568323536
0.129714276673098
0.4925398025211135
0.26993692483288445
0.46660327122396317
0.3140711849804696
0.1490163671091704
0.3840087278519426
0.22317841471130262
0.40587554143787574
0.45178947470010444
0.11809851041928826
0.3342632522746737
0.15607126064641183
0.12378727186307362
0.399250735311376
0.20753139745062665
0.3096299475950906
0.21584330748589886
0.20944033698516895
0.17212555110464944
0.25270605436887283
0.4505143702606381
0.14770169628467356
0.3609858517707253
0.4518064513620512
0.27694479114238535
0.43318803245927906
0.422162909685872
0.4560400064645086
0.41565802376434335
0.13800959013664227
0.27538911402337385
0.1743224813179468
0.2268025267196396
0.2470183605065731
0.19058784655953642
0.15045893799339863
0.49124035315120307
0.14984566313954617
0.16056460029646213
0.4710628448590558
0.3501383375507917
0.43919463910189305
0.12916647823126706
0.2723095807291125
0.2969212723837825
0.31519926024839917
0.11432917230157785
0.23113590980859483
0.40459552904101337
0.39885305761357215
0.12303617569708059
0.42098565645679653
0.45093017349364395
0.4536918738294684
0.31277681768833304
0.3972487629772433
0.2783199252961806
0.4947586330789152
0.2956962894233709
0.1853959239836069
0.2897145655961704
0.3908440190879324
0.3765156878734488
0.28030824043331104
0.36280044144319257
0.45997240264839456
0.45410292668065544
0.31644535066041507
0.228176703420924
0.34653168620098573
0.34342174801794856
0.2914053744241273
0.31460284422169504
0.31051950415362073
0.43207262498163324
0.282622386429491
0.494901244914805
0.4822238409403462
0.34558621134204814
0.4757769737117735
0.466664613816846
0.16091923481845447
0.149426861777668
0.25404512877597074
0.2593485028985576
0.46339204689933666
0.3290736714567731
0.19242445226237206
0.4372292924629817
0.13831669154293907
0.2319823370877208
0.37330911037544745
0.4809263487495835
0.27766779791318197
0.473559920205219
0.4373206279966765
0.39431590736224276
0.4244920211658899
0.490299552414597
0.4643077327933255
0.4869012864261123
0.3415110129702624
0.29822069520609396
0.10564318285400597
0.3885951293653931
0.1271317497375978
0.38701939836984656
0.3910327061457103
0.37562757968360294
0.13918132827555102
0.4061464251585246
0.35943243842562445
0.15895383534310692
0.4328239167393302
0.3643765510566016
0.18986959032356784
0.4423671921955912
0.3566545371108435
0.13936058094145715
0.40195054525376006
0.43683794686132604
0.2000393493925967
0.29631711640596736
0.2519770645650554
0.2829896843114968
0.1836314685225164
0.46996190621395995
0.3677090274812477
0.32262953547716255
0.20559120867275824
0.3674783089851511
0.366543787317698
0.41831992027606113
0.3655863784533785
0.35253839800398346
0.3878172049066938
0.3310172332772257
0.33293333049723556
0.3314624597230825
0.36089087010688836
0.4782754479168865
0.15420643053588648
0.28686628811752
0.13921216898183003
0.10630874366537486
0.41260754212130146
0.3724029976177261
0.39608248123770406
0.4145063420316567
0.27888264877498326
0.18709207110915288
0.11418815477739255
0.42619020946106867
0.4437094191751094
0.3017974836433863
0.1772817423799562
0.43125887096720195
0.24320600287636102
0.18757305908770827
0.4254237316338052
0.126218670537458
0.15769198572441234
0.4780372571414919
0.43409507452199814
0.1559252597159278
0.10360893655917397
0.1120374363758626
0.23855658237747868
0.2853429440499069
0.45874834948207444
0.16796231748235924
0.49115668317771155
0.21610479807468752
0.43143223134457886
0.2810367957069977
0.3252493119267324
0.23051382398871254
0.20565862479900365
0.41443969830886895
0.2414586286187176
0.4362001135028787
0.1488037843684329
0.49456776827858373
0.4176959772705877
0.3283015515949269
0.31003968547062966
0.3096816916478614
0.3958978521119343
0.27385293863925375
0.15526460950738366
0.40275016179237244
0.1475917410288938
0.38218116884514897
0.3230697604755931
0.4123577512548724
0.19684216059489856
0.4635814602502931
0.37578037633689
0.26492964216215353
0.39881943303884204
0.10123551101701592
0.27118975470854934
0.49817764956872945
0.35363102088402576
0.392937684484438
0.14997492561103296
0.12336120914332037
0.1495491706952469
0.16087555987900176
0.3288859825842948
0.12432517655970768
0.42694864165616
0.4865545564860473
0.1072967424201115
0.37053283130123216
0.385838883879969
0.4439025888103697
0.3372106112321782
0.21400541016336858
0.3464029095231976
0.18316935771785292
0.11604584934274485
0.4500656472956781
0.3077218444642432
0.3435552110016662
0.42206116985645126
0.245314597238529
0.11570671361328269
0.19371474210905962
0.4745235928464283
0.3600243191892005
0.3153189618384977
0.42522920997842206
0.3753273949031808
0.3698789419258578
0.464840589133357
0.14199802132353878
0.4148033696056074
0.12411769263169337
0.4545056804154578
0.23850562880696194
0.11949354758733373
0.38117349626313646
0.2765516938577801
0.14030350937945185
0.29617060390090627
0.4709070648262891
0.4194722418749416
0.24404254422388158
0.4878140651346018
0.4421439121691654
0.29512901378400225
0.19895920737390316
0.4050747555883284
0.3194719839337964
0.3211949371723424
0.14056772120883784
0.22087269963021283
0.1572895194295879
0.27772746414981625
0.2677320977119555
0.18988125632243455
0.10615637162837777
0.13473880139603406
0.42141853936034857
0.2766379451452582
0.240076561726521
0.42003240289210675
0.17497057922500842
0.45691325807969185
0.3212294735709058
0.1346340543358424
0.4782579239722732
0.24572656610325683
0.4830033276624984
0.39218707872191516
0.1452983336699723
0.3977245431774411
0.20355033802930933
0.18694745262717494
0.2632243274388517
0.3231645731138634
0.31133674911194187
0.17095941013028676
0.3241190757578543
0.44816235042097363
0.4178710849776427
0.1227600556312813
0.2528893829778285
0.16338141711563642
0.1601920920103186
0.2979487003488579
0.4607128772061615
0.4554114417452064
0.319154249131786
0.24887408944988088
0.1876771618178319
0.23176534287086162
0.16207437000010355
0.1492396654905123
0.23723848837362477
0.27272496346709885
0.4808799893292831
0.3598829224605513
0.48577276161317284
0.45365246479858734
0.48187966538530036
0.4533423801377656
0.10932110864318303
0.4912084763133636
0.4627217819257542
0.22348795141560052
0.45347708231789674
0.21523952079288194
0.2225835873071257
0.2795257289552173
0.2232297736327097
0.43593222598708736
0.17753515124370864
0.28472352298016
0.40268987694674097
0.2013982722896162
0.17083138984285695
0.37831187712463066
0.1644389077012549
0.40360270267060216
0.4708609211484446
0.15034403493328663
0.4308551387649985
0.21578299705673323
0.32808437716468386
0.19597044403856817
0.18193503611417988
0.46536290545381365
0.3187033206496981
0.15319301051395945
0.19315679492013094
0.15787918968643352
0.2280351382678937
0.2607673755928328
0.1827091290722753
0.16601886261887627
0.47934828398244234
0.30776309626402265
0.12032842799559229
0.4845731264277764
0.17527141980665714
0.3388365644288354
0.4736243149808531
0.20463960528863567
0.18728912516300295
0.2277999177441133
0.38485812018184284
0.4870657821103135
0.43421004913797734
0.4310142938209234
0.43167870611626025
0.2598768016645122
0.44245472904579064
0.12009442677549745
0.44520945398206846
0.2427067955100297
0.29774926885895936
0.15557515051754495
0.1344815558471867
0.3128691346745762
0.3658181006574318
0.10405391902954815
0.25972665897269037
0.10963046461399713
0.4165434061713581
0.221308844858242
0.3374290707733024
0.4185925497573961
0.37415986734911333
0.3851420021990163
0.1594056447835968
0.14619435373533857
0.2209011922469514
0.3319998349737563
0.41666575789129745
0.17487270623742904
0.46272345478319477
0.33427197362569566
0.3964220654888597
0.34269749267989436
0.46200313733277787
0.3811533763341609
0.27441817061554913
0.36753930057788087
0.201484485436465
0.12607074487396064
0.42378019560301783
0.4510735990927688
0.4451258791014032
0.27474790625502943
0.35625107996502037
0.48684634832860774
0.37769601585209966
0.1435146223383772
0.4760926905801264
0.28377689357401303
0.38325317717537577
0.28090403734715724
0.41756062362644597
0.12221542768050364
0.2627872564240339
0.29092476314901283
0.4232577240661296
0.30826684304838997
0.27462134637649027
0.3350867811462659
0.4758115026628421
0.21759287371414368
0.20266916625071893
0.21958408532875553
0.48010927243072177
0.10894052506538517
0.2454328263470223
0.4967676962026234
0.25748229337836337
0.4406223111314034
0.33412603163485427
0.4380627056469839
0.10453519450947045
0.4550516525995649
0.4232328034313534
0.317485467567114
0.22264806027548306
0.3848853160202117
0.2663157919298734
0.4921491083106665
0.21416873499669467
0.431527396861756
0.34945622098816853
0.1538322124691892
0.3212656339690615
0.47579104708853515
0.2532092867264517
0.1674849222770312
0.22829121542188646
0.45269168215163913
0.1959603320635376
0.19711102560225857
0.1605573944862927
0.3800516837348987
0.25909814028577616
0.13928433171310847
0.4099399891963357
0.1405347595111892
0.323478254731448
0.18202732003244018
0.1156778312754586
0.17040641936250048
0.3265096207820484
0.1140472797713965
0.30756607094619853
0.17950923394386278
0.14273492460855844
0.13393750007283955
0.26444113412490766
0.423134849399746
0.1355100041807485
0.14989527054594154
0.22925367410888434
0.3441531941955295
0.3031584492882995
0.45172535155518123
0.3698320738529435
0.27944400084277166
0.468428293322113
0.4197604906747834
0.1260253439920073
0.4885434020418954
0.3791724262999998
0.21780596494057478
0.33832430827686105
0.14312151107004012
0.17023354144073066
0.4830275898027442
0.4922785205241743
0.22709762295929595
0.2460643487121307
0.17070961662273698
0.31081666757849735
0.4419756414284657
0.14211053863714984
0.49200404650476004
0.45630182536089425
0.3641789110864282
0.4948456870966662
0.24325332544400974
0.3593690561899625
0.18449917636600635
0.45532700409933224
0.48682603579259964
0.37507442921302125
0.2698380513628343
0.1871188957916287
0.3279653343959519
0.31996259548403094
0.4582279721691679
0.2471902339794736
0.20221042312591408
0.2813666030013856
0.25599338120267323
0.33951326228779616
0.45327995600252613
0.24636421029885566
0.22405765634808775
0.37038004499556665
0.3761542390319381
0.160763043097456
0.4201612124509394
0.3188958291027437
0.3446934120175614
0.3744746351795316
0.21304702961040173
0.41830265185926685
0.3474133292331577
0.4613191636415811
0.34854753077573974
0.472134699279424
0.4328161775114081
0.3240352761033694
0.11425339651010052
0.26873242187477586
0.14089762339698497
0.36233984323166735
0.4796378342408635
0.408122479411022
0.271286274792803
0.2148552461191162
0.12232369039423063
0.287607608394038
0.4230589885100262
0.22263133189183315
0.26419646539760455
0.339972441732593
0.34698492602842246
0.2303985787159819
0.33653285417917633
0.256317211354426
0.3106394290435209
0.47794093067298715
0.1841613390692358
0.46816240237526796
0.31675507868776076
0.4922955999413893
0.39135300680611695
0.33336604941277953
0.1854625549504335
0.3132994379232868
0.27550882635060386
0.3323634167558366
0.39136231856185566
0.24362534332736901
0.3888107781918272
0.3269918742714346
0.20542613859522205
0.42119435064395605
0.4058642435838714
0.4322529474292419
0.330756817839321
0.12599293124490038
0.45477108751776507
0.43212596717591356
0.29595771643371044
0.12448378189576502
0.23032802627840743
0.486067816768751
0.34306826974226645
