5318.564110201385
5118.469602472984
5344.3141644601055
5352.530936253534
5230.500036932925
5600.047817189674
5768.832716279927
5398.619583775861
5747.431398737585
5579.759586648531
5634.075355495621
5682.975476091096
5791.21244066251
5299.2170826697875
5383.815674503609
5291.43225963002
5429.515102835534
5987.73620704584
5699.3126507095485
5232.5022188795865
5091.084068765204
5729.172331129251
5819.259810651718
5986.45299564324
5708.40685235898
5183.437305998129
5864.6977753302635
5819.740996104596
5622.17113662253
5132.775410003133
5214.676739223263
5657.540998050825
5584.586788855795
5607.185783381194
5197.3751392356735
5896.967853783735
5240.861816828183
5041.946168303696
5928.26263983459
5876.754020232581
5074.075891512691
5347.60721345685
5065.54637645547
5143.9686634316895
5163.15480102831
5030.933660460841
5501.477964068841
5516.156387898244
5794.112013158392
5424.830765028211
5109.504934660171
5277.555725051241
5715.722158154767
5082.2581234490335
5652.14402068099
5315.2788120722
5256.683378600062
5538.633335298447
5299.417522872761
5397.9398474601285
5434.253104318431
5159.032862914847
5419.7703768357715
5098.45317126105
5124.568659949479
5687.029423465594
5358.7489601612115
5203.915603212068
5603.496224440834
5477.970463608824
5047.408627989883
5974.680810771794
5738.309704847405
5014.016283438294
5189.120497946726
5019.086492440219
5994.554961852106
5340.311788460649
5711.609410459005
5057.43258073136
5724.17395245086
5946.7618208611275
5260.616573857831
5781.203775304621
5210.252756196564
5713.994695856306
5423.587388763515
5794.056667857959
5856.494941023682
5959.6213481784025
5707.78739237806
5466.821511427912
5452.885574327318
5123.357021351627
5765.85248706957
5842.725946860784
5678.622146890317
5258.453735275977
5079.19656802543
5369.019758989903
5698.101626914821
5540.667130220608
5479.773284313447
5069.170276509615
5006.668997868755
5725.991901974934
5126.818870117874
5983.355891471679
5875.07222785708
5417.811426613984
5392.585776149169
5309.395464698364
5553.351531196097
5974.495617625152
5091.109353856815
5444.804876451272
5144.156847684366
5048.1161716318
5355.80083090085
5440.4421676710845
5049.994518454909
5564.1159092942435
5525.817764591464
5171.449097967011
5692.024355974173
5006.101831287328
5658.238614899507
5393.500854050847
5952.358511925942
5818.7729832912755
5582.326824762598
5189.598262605337
5814.312955190245
5087.690319585019
5453.71402347367
5360.907750800621
5459.297085898986
5939.954184706857
5309.603436161887
5825.639288165985
5689.174248666135
5080.572171012379
5783.8811375701725
5609.870825924447
5369.115159037023
5905.0813336700885
5004.898863766571
5097.890855221778
5397.810729044387
5317.581591248516
5104.520806883646
5316.05970585404
5537.404522020611
5666.849442407207
5614.704510459905
5061.672726457366
5862.3038497986145
5208.35069843137
5666.489482182364
5053.905099125575
5707.92754674199
5064.219715481907
5840.795868943278
5810.733515356038
5585.510706520255
5178.938490674552
5668.092785910864
5509.970275454636
5459.773779914645
5496.4761805321305
5617.486076689576
5664.084274153984
5443.512901587063
5020.34256116512
5674.695010036388
5306.252207918491
5613.355339696075
5517.049060280517
5822.716686367267
5384.737283073787
5063.273975346955
5997.752975551418
5524.354166666422
5044.221263679176
5266.826453853735
5091.541836269453
5081.0429594910665
5110.080457622607
5417.4612061498065
5860.756539040795
5701.75189910172
5913.846257999547
5465.428911325658
5357.656315951815
5151.514496281754
5591.475637312898
5489.567707329147
5779.389229037428
5463.314546743345
5749.330564202946
5126.931310689092
5768.596687961214
5949.123903003501
5078.258140561557
5186.99331803674
5237.408666210898
5141.730775589039
5431.970263507109
5751.706118085521
5476.730309449966
5774.7478537741745
5604.852460471108
5907.2488706720205
5269.209814015235
5400.694560378991
5084.629402957933
5302.023371091336
5122.224775710103
5389.884328392195
5735.578069514
5801.763725092871
5800.760817875491
5097.925401782953
5504.947781114101
5630.94405518029
5986.5885532422835
5149.666126343622
5880.016096312228
5176.083065653165
5681.575369142178
5880.652005658977
5586.545451073177
5349.995494535837
5832.462614155249
5628.282757326018
5422.909824816853
5273.214156440619
5793.191414384241
5224.928499662675
5586.737228723518
5020.460112754776
5466.499898507136
5788.980982629919
5030.667632221799
5719.544485357075
5812.455289532065
5693.748455990537
5747.717653945509
5644.667479066269
5409.613145828894
5916.267791893469
5040.748076326926
5184.703285531913
5759.1480013304545
5390.5805786210985
5078.088488582089
5399.288472038054
5581.5603323482355
5694.932618188384
5291.2343315034495
5986.227636587261
5342.081898722989
5557.292504758631
5549.124454284839
5134.676530351772
5557.625509548751
5488.032353300534
5691.329768290373
5245.835357879854
5743.044010958514
5176.328637642668
5282.712224517888
5362.254659247252
5304.600937968733
5306.933749620198
5789.203251274926
5406.651063108756
5394.835777916235
5543.066026968654
5109.457627154116
5367.927062369755
5411.863480936318
5566.50046700449
5713.838170880974
5402.48945061729
5741.656446224606
5914.949072377582
5718.542334245118
5508.062868898711
5728.369626592492
5144.301827416753
5406.72817228897
5988.647566752659
5849.668899540895
5583.833451230179
5678.253217449161
5960.515666740735
5620.713563875832
5996.441452215957
5714.014223799966
5278.50785677015
5948.802184749561
5134.459203857153
5472.573533901404
5397.636391084859
5762.141031930969
5554.815257860619
5249.725355565911
5925.526314832249
5278.352818807199
5212.213141779168
5181.409232730332
5369.2522866100935
5538.390814492166
5654.458615172763
5132.351265248768
5152.608517297796
5380.093254446816
5033.853227268032
5962.3067261634
5104.586173397246
5264.183419959696
5648.616172506031
5079.4222575488275
5136.202986879841
5902.4811421271315
5231.138612130938
5767.467801757591
5714.955993157668
5871.078808461095
5167.811527993855
5968.094861130361
5352.983735493822
5539.635132453845
5059.0222617662275
5086.323395314826
5042.469681618675
5478.077130902981
5788.197822460018
5449.721843891106
5575.0617317994565
5620.720242948242
5957.027300293525
5593.099937554485
5049.04912508379
5579.5361254036625
5418.963562705594
5225.182806717662
5058.856510149661
5218.228803642568
5044.995128197372
5169.197548130399
5948.8326899835165
5686.449993626238
5094.741773648109
5302.752150126103
5743.119947540355
5882.868448881208
5776.338884173495
5381.4484363565
5565.668453339889
5506.677481330987
5887.730567892649
5294.86469369422
5254.305801247065
5384.502228390946
5317.738969004028
5514.716141470621
5878.229105979903
5208.564015769607
5505.7724644738555
5383.425586251226
5201.441179977315
5460.19257549814
5947.728480131249
5719.423205402912
5629.03389112901
5732.326726160892
5479.238396240336
5172.798788495119
5490.129649116777
5508.20442304255
5834.988817815711
5790.529278661182
5639.869022173886
5072.718090475825
5974.387837958552
5021.157324233475
5764.461029553148
5627.101941184869
5362.983281285233
5870.44365898992
5927.480878410824
5295.098678567451
5116.126384041463
5050.198055334837
5797.849168450937
5468.213131870522
5187.970352175632
5932.051270608987
5794.225999822039
5419.2617841565425
5052.775875032601
5828.524497252309
5617.696085596774
5364.300959912957
5923.850919785277
5214.718807558168
5423.875763492389
5490.252866093927
5891.130134412784
5484.974369197198
5392.67271447697
5971.248467957977
5997.188008479224
5521.477461709704
5257.146016729615
5901.53373704055
5440.223206017456
5878.501105481057
5031.285643635811
5842.533300616275
5414.115793759396
5510.579928844277
5501.603948248284
5193.640225060552
5373.164257342509
5845.163505186567
5867.557966851901
5907.059790973346
5828.58183504179
5649.331636981282
5631.016612546246
5328.675403839699
5664.334089281746
5888.852591133014
5877.531474939777
5377.340882315013
5138.857327026281
5886.577558226963
5102.772466708002
5629.635813008919
5851.903130593824
5245.843030173789
5990.394534526487
5706.511153070453
5162.360510848402
5564.064415687219
5852.659458097198
5429.0116482174035
5818.8669759838
5362.853522382202
5965.987550368822
5071.460906868952
5329.83655189611
5091.814561676016
5610.91986657079
5077.153646156425
5284.265780420271
5151.088806038826
5452.391999455653
5973.056019859823
5409.945590486878
5106.948266228448
5563.552244193127
5338.677505802568
5989.5435587661905
5439.788389665833
5294.9742630952305
5935.813305646533
5438.815917262543
5712.040184267282
5654.138002188824
5296.203586188437
5832.800195334281
5944.860016353839
5940.341017935988
5191.810969325889
5057.805383132322
5261.208370418313
5590.106849789235
5715.133496381223
5997.688999743951
5531.860495059376
5974.797759246932
5802.7118569542035
5170.711945056115
5341.2085747162255
5066.895453284801
5237.335067090413
5427.413571268042
5215.70020274517
5725.572662964105
5558.933285302597
5209.386926225455
5183.053542798618
5876.9613540099235
5577.809837409868
5515.608371502931
5694.002530855482
5061.310188944014
5740.3184981629665
5413.276672509171
5922.376807706989
5884.950306094535
5624.629020426601
5403.011673203501
5357.559812081737
5857.086736564046
5180.434815714383
5356.8816483788405
5939.996923037278
5370.952198029391
5939.4130250303
5855.800316133117
5095.799824428703
5688.577544699827
5579.459510087741
5994.244369305248
5766.998763484013
5401.924271949743
5088.228413163019
5746.108550332237
5459.134924266198
5669.795560025283
5030.196473992683
5532.868884905289
5213.901497361155
5312.581696823976
5685.568437637037
5341.199275803709
5970.160072546611
5350.737548909969
5939.646189993071
5242.55139050181
5384.7782898646865
5944.939092785919
5016.595398963704
5169.860536913281
5081.918508170787
5361.553876994522
5359.072965930186
5214.755691421243
5177.169623645182
5273.770474330525
5827.417048236689
5536.11693724673
5896.746052184432
5504.009087130848
5347.929938580508
5920.686523916543
5360.271925305714
5406.0783150323305
5188.330512563723
5611.757127488848
5131.751397739468
5376.96031130178
5697.3969820134525
5608.329457745596
5016.4685867394965
5336.108325969557
5562.185520851654
5136.875499374165
5217.042610675872
5017.94772887565
5544.587585868763
5373.564455549164
5018.170555815603
5723.319041056646
5350.39098821506
5563.6323637463865
5528.779788343347
5862.1980843880365
5818.051301261486
5884.79400747388
5665.510764334133
5625.235641021644
5511.181337859539
5446.011065879355
5725.212042412507
5470.781520621502
5404.08423538459
5246.501812110836
5224.505702884459
5890.413825230878
5781.294695015361
5660.49523344339
5032.399528983417
5946.937504515978
5596.563096541517
5744.745889000064
5740.245585144962
5571.273157112542
5042.590855666186
5101.962216074225
5387.924922205987
5772.443642815351
5772.384965341856
5656.661850628325
5714.803976482388
5706.679436010012
5028.463092974307
5203.153219645033
5139.549068926305
5804.119676832563
5175.421742018868
5732.450797070294
5775.328486742838
5366.532835790995
5164.994014883782
5327.507924278965
5933.655371411725
5882.711411513516
5814.8146108930105
5318.352878997916
5218.126661725526
5371.916403638252
5713.317140343062
5107.217631971353
5941.867861879897
5175.346727570625
5536.9201050462625
5454.036019627242
5580.007013864121
5919.079149527051
5572.730201321113
5540.236785515186
5969.525071471174
5062.115934777509
5212.298577760991
5245.124740493141
5293.369828180707
5038.684539688048
5753.418595783796
5480.279254634938
5167.780635357994
5579.53990907011
5028.9851569804105
5121.833638288113
5294.2583703398195
5615.811416001788
5624.828740637272
5431.13395234851
5944.899044974925
5653.946445200785
5253.904847693373
5882.612083107984
5489.422815047984
5059.035017287603
5541.830095207544
5546.296307680995
5669.781093711274
5522.32937711223
5473.871960703255
5804.670184983961
5074.873073071836
5040.851790356784
5214.760252018058
5171.228009763856
5142.085620116189
5005.8751623662165
5628.089454970842
5838.86375873097
5906.97787248072
5130.646463591769
5957.337124357957
5064.595017519773
5184.578162077167
5470.277279823061
5943.358687249673
5420.573967328327
5989.793651231724
5196.081191527063
5627.59088278009
5508.726771865707
5963.482198858091
5896.448362461178
5659.031671015181
5056.746557011391
5611.872592393565
5938.555421227504
5213.764042633016
5166.852218167909
5190.248049816477
5521.776893494537
5024.546958911707
5024.154018345617
5520.607729213972
5500.817405320656
5304.611289416033
5907.389323331025
5751.141649434878
5480.224660391726
5404.678280675225
5245.627653358401
5325.52448627541
5814.510531593646
5986.985865714305
5884.918745281248
5705.261616867126
5061.198112214789
5884.1905903119
5620.295479251099
5407.684659230398
5506.167332490477
5276.92823709075
5123.2915724871855
5927.420227122928
5700.636145455643
5374.576924044622
5528.815368346426
5151.323550168623
5006.813571622152
5769.426085804192
5901.194738674064
5990.673675244995
5512.20928909605
5148.087132311437
5905.3313529351335
5333.5758868463845
5542.114609579681
5310.535372374472
5188.054632343588
5202.001633087683
5955.672872949221
5161.079187362008
5179.508939092342
5408.321261321633
5736.369085838971
5740.316984943307
5358.829263277434
5886.8280084536145
5808.49512189613
5010.922130611397
5889.1074016005505
5849.436495410266
5173.836949583913
5081.3643362258845
5613.012966428315
5714.572129493381
5590.416732899246
5954.035150633622
5762.543604246962
5994.750901949434
5124.548728133657
5261.545361305756
5602.452158731659
5873.612213745123
5642.2706538343045
5386.468292295972
5599.9871677924075
5784.886031417089
5203.830960369075
5445.446133094114
5125.898037618263
5623.3423862490545
5181.91037848974
5995.72105648549
5266.40982704003
5418.955268156101
5432.866599762372
5757.812581856339
5944.385338172076
5790.5179481150735
5073.072328107883
5360.335595766936
5143.4820037240015
5559.399603455246
5911.656318546569
5277.254321531282
5450.526226332125
5530.59505286801
5105.524908741572
5753.55704939122
5847.625733819334
5568.932526813504
5197.903564447077
5218.364469096127
5251.0929177914395
5056.306970175948
5698.72790434281
5836.568524176076
5861.029870348297
5740.0705199107215
5310.039507121883
5798.670478693425
5124.284425347896
5975.44308233297
5890.270195102379
5082.334884681871
5271.886284639642
5072.492456761141
5500.924400201384
5649.170113717017
5768.1387428659755
5937.472790443791
5371.166165523703
5387.067162487554
5202.728559789187
5408.674799495255
5341.394782272486
5310.191106029154
5868.927204120296
5802.79380002618
5832.867424101523
5862.963730138794
5700.944459428841
5533.1796642060135
5187.076849646817
5523.970776778633
5121.910381399935
5883.822834755773
5068.63564514135
5183.234323028155
5997.470041975037
5928.167763066632
5803.948082878656
5894.100047537738
5486.676118006698
5095.421220005576
5088.847490077006
5440.09810094682
5619.468170577849
5928.474806833703
5128.255984033395
5604.425099369222
5622.4746176558965
5166.381467606771
5415.177983264786
5860.723654512108
5869.180066650527
5259.972199378269
5936.699340420469
5503.336574343796
5030.537974554397
5998.170079002839
5070.8291481888145
5514.297539243868
5206.173039917822
5818.723360316368
5172.311091099984
5738.95808443369
5323.965230444867
5564.2318460908655
5309.594871911952
5465.600307526444
5826.922928147853
5597.142052423565
5426.898524989408
5606.664111631199
5064.713718195112
5262.1650386320935
5290.736528870422
5273.44880185018
5319.029263555729
5419.0096055316535
5042.630914562579
5721.404716698723
5862.6554279916145
5984.28883815757
5315.6181671053655
5494.098236984524
5215.973414253493
5266.792695175569
5687.482003383246
5686.694548816332
5820.16586749477
5803.83723748511
5415.924540783933
5677.47551417592
5879.141781268504
5814.813236559041
5965.856129043185
5289.919949136136
5038.040109992642
5344.538320677185
5831.045652774918
5072.075567364651
5595.389297276062
5304.0150045176215
5175.369533395071
5146.1855649105155
5947.815176635196
5470.120763724478
5778.513166359943
5520.640583251648
5817.809262190373
5096.0383889991135
5693.224184453474
5903.484630079283
5667.008255853414
5373.171289076316
5755.12251880702
5953.574031184176
5439.546583750185
5026.0706892358
5275.664802362474
5705.496947116293
5931.26346536883
5674.207403136484
5847.597353522543
5472.014915744015
5226.913972601603
5008.056787316518
5090.775496261652
5696.033796954049
5803.4941859642495
5180.479164062181
5681.781451333896
5619.077880058245
5041.792165214736
5767.90164944724
5297.442785572452
5886.470677292804
5496.507745291164
5148.625931461917
5647.645799673176
5229.498159451305
5350.198387596609
5153.3501581742585
5261.163117703418
5697.53071381509
5398.390253804625
5516.388070304707
5703.909640418053
5310.372491890331
5670.576073875147
5442.264402196094
5370.5078004508
5732.04926266413
5980.688077398889
5505.11728109251
5901.356165387713
5483.455320702445
5277.093934183116
5453.171849135444
5656.403876169917
5065.548132461721
5695.320698823014
5004.94934238437
5595.006805379508
5020.39301264341
5195.531303968713
5408.083500580578
5755.153768735853
5868.351011447536
5481.774994982665
5063.885924821618
5967.2448185187595
5630.42809839616
5155.133993092984
5546.076021014201
5972.74055410027
5175.123478040182
5691.7512369778815
5574.747964683145
5578.547728830146
5001.765223273798
5381.06324717277
5922.692831143257
5546.4771645101755
5729.061202589906
5654.7139375446495
5535.1780848988565
5117.320046519022
5206.862427310453
5048.331791918918
5385.5982168888
5392.77211937937
5532.527114853407
5898.74273337949
5193.8024505786825
5616.996494387163
5808.100078090125
5702.5182554997045
5968.582748931671
5770.931020412589
5326.185829888663
5747.0068292366595
5557.744048307035
5621.764771376505
5568.372418237605
5415.353921763821
5684.693274088353
5548.334033855035
5730.101192787719
5642.367444925529
5085.088365334218
5774.118173317794
5945.316689206523
5338.946669382823
5415.185161240728
5011.070490002443
5110.3128635281755
5190.595945431922
5502.36255105576
5675.168538332613
5541.422618214252
5038.361532051921
5885.536144837132
5057.121475354566
5678.696315767941
5195.245120910178
5219.187242150905
5743.914140474664
5995.7967698881885
5500.5434945135
5607.999771808308
5177.875425762262
5626.98804134282
5258.144032603151
5361.986259789448
5239.140289780027
5739.154540336139
5118.981347250067
5052.979800489016
5201.535754413629
5258.086363505026
5824.775486470058
5399.922275305276
5174.522022930903
5842.222905629719
5314.384664464692
5954.727948453173
5494.226517376053
5474.9624692043035
5514.111882249106
5780.887786744614
5976.932229845667
5360.621072528974
5629.777317876763
5666.155581253806
5294.406410443125
5466.603346026021
5297.670690716713
5942.955954415022
5126.162611391943
5028.496788518198
5275.8487189459875
5614.675265086485
5322.475210823186
5716.992797567815
5717.065704131201
5165.893750418338
5487.0477454217735
5801.419776254296
5995.282939336263
5591.9716586164395
5037.468711355086
5667.950527548001
5547.0183493461755
5900.956451958493
5392.45043641686
5548.9098624631915
5121.392218759027
5928.232769718369
5710.121646625184
5896.338973200665
5033.662270143827
5055.978538411793
5251.6887021172215
5002.18524628677
5448.596415094637
5003.553323455275
5845.232274512811
5609.514639268552
5809.128975036456
5028.866346186132
5583.458938614972
5804.19345461963
5196.447757708176
5063.611737587723
5849.335941662002
5912.762728999183
5001.725319078773
5349.575097592422
5108.656709541452
5410.226325262246
5696.323600291131
5882.458328978533
5719.306480757036
5450.255297510186
5689.8610434231705
5033.298067564152
5250.4703459403145
5637.217982831065
5643.629062238017
5405.549067202882
5751.299897434175
5912.132210300277
5645.077031121349
5370.513310490148
5927.803568136862
5624.022562043392
5309.254382155838
5007.783849905793
5678.006446933127
5119.062854598786
5128.612898595837
5663.675175559855
5978.733571077113
5033.125182754681
5542.8924576579975
5292.929101044804
5586.117796149661
5631.817820882453
5503.490161065582
5377.030644692636
5400.619971810433
5171.848802116624
5621.894742135617
5469.660497133089
5012.346201801662
5675.0495351767195
5551.25782360652
5295.779550874238
5776.297500519458
5467.668105301071
5247.597990396526
5112.36105707692
5601.5597296751
5414.312401805051
5226.18618829469
5816.063806170431
5889.9575969522775
5845.544453576995
5694.148011096601
5262.4727700173635
5982.385761672125
5654.997940020357
5659.43404156928
5270.189570703192
5865.367558464246
5273.621972127805
5201.86592929273
5741.63868991687
5806.555886869957
5242.213563904608
5640.409502289126
5113.432772472735
5197.161281472228
5496.587096883956
5108.902087471477
5866.486321917342
5065.242662238522
5354.410179796109
5783.83971547765
5996.107992685323
5717.345799319306
5550.034414522983
5937.52968436511
5655.070304181262
5312.239501027657
5903.820388798666
5210.421435298772
5863.636670824986
5372.19449853985
5115.89279974194
5540.142527514098
5459.468538617806
5913.961211702228
5426.731385677316
5935.910331332669
5777.031424434435
5581.310425125789
5387.004084297153
5735.949939684305
5565.3922900298885
5719.186567936704
5548.9715487087815
5091.777013718925
5075.938683338549
5613.645868616296
5210.283620151355
5472.147371669969
5715.549270521977
5021.86253262528
5270.032112286199
5077.035258127395
5031.161748389902
5917.7888336086935
5563.329342505788
5153.595469895596
5550.407444729092
5279.483067738272
5354.603024122369
5398.775225756688
5785.505639984353
5073.134395620993
5877.85797294789
5581.848196797739
5421.513353711133
5205.305920862435
5880.576406025099
5839.406750178488
5927.208119654715
5381.243266374174
5383.107389131353
5702.356190605135
5079.239261892423
5794.948896304512
5010.723547336146
5228.315769929944
5304.121375848314
5994.358938147041
5503.251315374167
5113.669901306366
5856.839111554062
5142.574600572219
5573.3856048038215
5372.592003092434
5273.86349913496
5657.855573984789
5057.922898475747
5060.178352414384
5130.82866082668
5148.839173175166
5733.667344206163
5491.274795954338
5985.7471336838535
5597.394532413097
5968.0088612524005
5331.663245888778
5845.227001593531
5658.299654949529
5549.187659232708
5995.442453783271
5591.207480604146
5770.475727528808
5029.87050163238
5927.400694558135
5126.532674504251
5329.695203671584
5852.002060895519
5739.906444302926
5548.411009366025
5296.474647393494
5767.181019673093
5985.413096227214
5891.4286520039295
5482.631489387621
5635.299847218093
5921.427508632083
5890.652342295123
5599.989934609725
5690.783552908992
5811.483781005645
5842.041686693412
5021.014612042135
5319.954945744439
5869.248379686495
5166.205956527377
5167.0563370532045
5450.216952645432
5734.799560913338
5735.957577154121
5778.059099495752
5620.09000784562
5244.064664822279
5809.617537886542
5272.102847215412
5200.112822836942
5967.529178787277
5366.542803002092
5011.209218233246
5697.736860649683
5109.70218104866
5972.152751334315
5569.394813934221
5236.606507465119
5589.970432551263
5540.301018495164
5770.117650991616
5186.8034581991615
5169.180508225129
5907.3038351520045
5899.135759939763
5453.287024068647
5572.871015678262
5767.255409107703
5907.598104224595
5374.40675777919
5042.752529484584
5389.881091024933
5342.648757647687
5142.839339569623
5753.020066070614
5246.410633164918
5352.127218677267
5406.334936425744
5726.4610509535105
5567.751972427718
5908.24118848896
5558.907109564281
5832.374321144045
5947.667917767122
5928.394274071488
5084.985525944068
5207.166201873973
5655.637007316054
5714.128007349711
5268.184012140638
5244.547363473758
5982.910422778898
5147.345022357711
5961.425497983532
5267.566795958745
5751.428400027057
5232.5086626303355
5039.381862522673
5674.316064580476
5084.262484015081
5280.593514840366
5509.014508482701
5053.123806773382
5132.490188305228
5188.585867655704
5302.313313013867
5784.880227835921
5923.912370360053
5717.6563161507165
5221.395166801435
5220.28542918298
5769.00558784511
5339.31469241702
5869.627005730863
5704.385903248722
5811.941407385059
5562.116467704578
5802.416545199319
5789.361132315562
5263.627197756035
5868.692390427216
5660.823521848972
5302.933119074969
5496.679676945015
5076.166561495971
5011.963066954059
5126.073256502659
5001.619753382685
5361.951411239632
5360.295240602902
5138.8876078872445
5847.786617010871
5438.020038642884
5020.234940124326
5841.307317286902
5128.290944365126
5326.003537173369
5331.016555966365
5785.426361018514
5581.7484033910505
5032.590893011971
5688.433721077551
5832.710897472074
5127.018171220611
5252.670651634278
5722.698618640105
5254.514629003948
5993.292268316471
5652.045447904347
5754.476574284939
5284.690958348756
5904.097348976222
5288.9721980817985
5920.059664691712
5040.619575003906
5073.558163557018
5419.900603949957
5871.361850066662
5834.5122578172495
5547.593902667482
5391.665403584463
5080.364919074683
5403.2133727965365
5537.967727077916
5883.759385494279
5895.80232323752
5115.758782519223
5010.562247644455
5644.827876484017
5779.549736702023
5170.19001768496
5791.615647571984
5813.628246234212
5700.525014625203
5398.732684615202
5251.46453734132
5406.332507819075
5031.8772976288965
5474.147486340588
5887.410549592141
5244.196347047494
5417.305409189085
5288.937443029754
5520.921056359299
5969.093753802961
5868.228577573868
5080.312851610172
5460.9135121135105
5098.9864548378155
5420.47000224857
5306.261945755065
5905.680317413197
5705.792099375387
5698.37244641997
5113.11155827893
5757.967788995851
5818.856323335018
5636.863212614488
5239.790209508131
5897.0265378121185
5220.877039303785
5181.4527870472175
5814.576885970856
5303.705054192948
5310.137240607553
5657.702735869877
5318.808735593338
5124.17959371613
5779.562748564437
5830.047317420649
5499.22600043969
5836.36909333412
5721.186960059837
5649.3706724732665
5549.045846782365
5914.164840680525
5000.418025635559
5639.901288748358
5260.420762378374
5693.258187369403
5522.037713490532
5166.235443131676
5435.027610845367
5275.437990748964
5562.492493764232
5161.194328539423
5349.49487559487
5880.073002990042
5129.64618103921
5384.603560529801
5283.042785521988
5988.25014143969
5507.618115148297
5343.138114481989
5864.590863799933
5071.442266920562
5424.568671492134
5548.170876768182
5947.3787467270195
5988.333172371674
5562.752469920648
5286.9606849066095
5013.439151363111
5101.407498375572
5527.588467184532
5710.171742076234
5316.174568495876
5160.264753760688
5523.152905188028
5533.663317506958
5309.244425935744
5129.601081394397
5715.623678727097
5444.2065852193655
5921.619510130505
5693.332561341044
5065.637326747612
5695.428538587565
5626.977436618702
5957.7623477085235
5903.596063775717
5100.212800159535
5607.2284753954755
5174.775447639474
5559.834594585155
5562.610049148019
5972.770640648915
5428.084489245569
5601.159386821035
5720.602244043158
5307.699441915224
5390.821972270195
5559.409838823493
5513.2004503075705
5078.6594948256425
5233.1032843039
5475.274651374456
5288.387056569527
5376.175469572779
5454.468701444353
5428.693241012367
5997.068330543604
5802.655413416388
5259.147956474148
5483.172181950288
5531.018563947477
5835.884631275725
5993.538700966447
5702.868460768096
5920.006896851581
5984.167268836843
5672.398876361372
5296.578686100359
5884.280087843225
5169.239475303874
5381.422927096228
5782.68434210297
5644.194738069933
5664.085293917528
5460.282317928731
5887.704069372437
5694.294468180053
5594.299461234317
5188.9562792605075
5073.109168318574
5329.215283986194
5552.250832567459
5409.39887974549
5141.929621185471
5136.265256014047
5898.105048219284
5389.241175123984
5328.270051378931
5973.889879219179
5326.6392120072305
5119.175182518822
5247.203376242614
5947.982719987907
5892.722484542351
5579.384791586369
5950.063032237935
5498.901914617903
5375.057689563707
5790.102996386408
5176.242640467152
5045.473609031453
5092.671096497234
5065.693815964754
5553.966471166065
5269.6347613823
5459.046244470914
5893.833990804153
5493.033606969117
5556.334487874983
5976.489719250851
5270.415096657875
5188.7765336056855
5558.544611104858
5062.70428499131
5322.729330869161
5112.93102535693
5391.186261438145
5133.883346294015
5848.662124993535
5762.406394308939
5613.608969041566
5972.176315233717
5358.427141882856
5262.986786644735
5969.185735870569
5713.946297831313
5224.937231700257
5985.053264069012
5913.293142253269
5184.430963640948
5306.237123673344
5370.470016071224
5137.245408816254
5754.694306443344
5498.215270506256
5692.820610066063
5628.367000360439
5293.96080090638
5633.53733814993
5534.398490498632
5610.749648818447
5387.849088441136
5761.247347330029
5604.288138696382
5782.718819905114
5971.972348667057
5669.5653616425225
5484.047401745647
5273.941349756303
5429.376769987849
5686.443549526336
5215.517324494897
5661.112278810446
5096.93607330706
5245.604295989363
5026.872886661432
5051.227829102005
5633.688539400137
5809.925964287301
5250.012301886046
5491.90034024414
5063.342923314695
5184.502600008178
5906.919992409854
5048.0834230539185
5134.562323407158
5242.111976816584
5707.411152562391
5430.627149945909
5533.887014825994
5436.4727752916915
5002.294305012261
5794.276410729595
5081.2088298888975
5074.557910663398
5272.4999197965
5270.984351831173
5182.468806143693
5710.2702024297005
5435.654561396511
5915.102780334824
5080.3987396614675
5428.3891790316
5005.95065610995
5848.076693948176
5418.180764003527
5310.515510244193
5368.503261339308
5282.465708343139
5477.560067285004
5101.245374465543
5839.429839560569
5295.247208445964
5260.114001565942
5210.773563484885
5472.552481995191
5062.437899571284
5699.285034336707
5304.104017872311
5601.746410564048
5472.796123233942
5539.192533578371
5526.9511709854705
5025.681051450469
5892.612189345196
5832.475133222803
5921.662518721469
5890.053544760405
5853.3352979071315
5951.572136180146
5679.23373869524
5804.126500899646
5110.306691484629
5935.258558273305
5650.958735878494
5692.58612567143
5764.933480382532
5063.473885138357
5384.7331116596015
5959.4019195522305
5610.160264966804
5043.210594004115
5379.131346480928
5165.0024549736345
5073.588047830821
5349.8352713553595
5484.036692682013
5034.920405187865
5059.925640678745
5336.040391055069
5930.940684309058
5535.130762394568
5294.179282538666
5338.693161298752
5751.516673999066
5688.164630984043
5977.1201124124345
5103.518127045126
5183.367359003785
5563.8376454643085
5916.887461310879
5803.951962344096
5995.139394930743
5566.706926838918
5333.107003407393
5676.796303967499
5799.0437034478255
5778.79311145776
5479.6713647182605
5813.172344704652
5710.3007470594775
5576.395346572972
5298.223290380623
5747.591980423478
5946.720236532617
5038.115683805953
5730.354714153798
5043.776001333673
5564.557843309356
5949.812190422621
5813.36753407594
5911.236802739804
5923.185071588922
5694.490827023709
5578.0816452813715
5110.588821795924
5622.1702511984195
5964.535758266939
5561.99227465311
5401.539702601435
5922.890471706082
5722.580880451666
5542.3187205567665
5254.342893833143
5734.960795563833
5841.494483298404
5425.409546924129
5648.925438705928
5870.209012391024
5421.116638924682
5936.351969956928
5556.318512482615
5852.741792210957
5430.433608448085
5960.237115481964
5776.413006838671
5171.967787573216
5981.781193238293
5438.634667860994
5292.983171380387
5628.5914008218915
5178.803226922219
5460.515971013005
5132.635643543464
5666.50157312436
5585.347959314309
5916.460067008763
5520.786409867134
5165.311650279704
5204.081808870929
5217.965781642101
5059.480673477911
5861.696328508759
5228.367992564027
5786.371908924166
5601.840841678142
5886.998675424354
5262.81560042556
5455.9874739709385
5693.817426837768
5597.1517769119455
5786.857177169499
5891.802063556165
5054.818641136775
5565.9447631288895
5705.094075377022
5687.900260619448
5468.30003422485
5472.185628965746
5108.534402547542
5586.735077894827
5939.54755398035
5328.819534692043
5332.368316013753
5605.23776078274
