0.3669161994706741
0.10625645833246065
0.48359688022203995
0.30629474082608416
0.3800876418877409
0.425002694475343
0.30180943712950137
0.33970646166545815
0.3476215218593631
0.22889469496148998
0.4316768691270848
0.3539333694336555
0.4155847702670131
0.4587804660806204
0.31140532492845285
0.4613840235344161
0.35489421320256664
0.4969182131715004
0.21535352786478185
0.32939502642212504
0.36191772197985717
0.1494840780407002
0.4548811079970424
0.15454376595179486
0.4584675887259241
0.16921255634943388
0.49123819997632967
0.476218170886997
0.18512237878316876
0.43726033471583026
0.24855655408118682
0.26451407452470477
0.33792450580205974
0.3194322805379056
0.2878600209201402
0.2615098862988341
0.4294186166630013
0.353188073784529
0.24273081210251002
0.10122390040042878
0.40050036178768267
0.34801682528750433
0.1111536011260744
0.27606839666153626
0.1918938499493293
0.10046531670149106
0.25719507916925066
0.1262949629898746
0.40816074890496856
0.2315679305699999
0.3098382973219259
0.22879504910428522
0.41956675581929437
0.29849128506621764
0.4083054575410392
0.4509090189522792
0.3727055494128525
0.1584547937524096
0.4784269916787106
0.3139720451846831
0.37350937274273477
0.45058205173473587
0.22315949920728095
0.415032092065616
0.19342770855240904
0.30315665069976094
0.35510071368002893
0.2933628780178017
0.37848719193522073
0.49896382792100447
0.45555496340999113
0.4171094863280418
0.10660638317559652
0.48120178237274736
0.3645668253805284
0.18840438091299358
0.2716536691523267
0.28540240105784853
0.369390287586592
0.4674371641779934
0.45350316041945604
0.1560925179449606
0.17667015680579667
0.39442788791089667
0.4083768558855224
0.3802399627926273
0.20279373639032827
0.3504754283415372
0.29595067637820194
0.2934859722430234
0.33456017919750647
0.31936624324122487
0.3239674057477655
0.18474247816336065
0.3485672454795211
0.4089698580812283
0.4147455560466933
0.18863160239327548
0.34639012193790164
0.4107123825474053
0.14924128170068568
0.4024304865918076
0.3993377647838726
0.15099716686171472
0.4434715199651137
0.2779345222574524
0.33238648864528464
0.3652368911151772
0.14070933708220187
0.40362908527673425
0.4836284076694778
0.4073952562461932
0.10867572309249232
0.12306480654321748
0.38044453313572657
0.3231769432669933
0.3227999534741285
0.11355451519151823
0.38182934750709385
0.33827642238509653
0.23694275905839463
0.13622794389662088
0.16237817818672418
0.11325925033167357
0.4013959120876557
0.3559506712473056
0.46110898167837655
0.3914992283918758
0.31005566861493405
0.38293624937766546
0.22556394445795563
0.4170757256813027
0.14992776492415438
0.3394712662165434
0.41997160608850714
0.441154812409957
0.4468734220827436
0.37287591430243494
0.263123528935178
0.34281124093249526
0.2134901552762458
0.38941247023496317
0.37118018907378003
0.361892269925404
0.3844791248191567
0.4132817915199716
0.3232748215737012
0.42695584654011265
0.3043855829895543
0.19872959229799125
0.31100063902814157
0.39932522712206675
0.2251269020798064
0.3502847305670007
0.46136211214634637
0.23681565877945046
0.2724075309451087
0.4496438019434912
0.11743336120494315
0.26123038184216285
0.29242567336119674
0.47284796030543164
0.43943849375014743
0.2734209313155367
0.16445078005279606
0.49357931398948474
0.1372902681131056
0.10689938889474014
0.36375338684257097
0.41127768437705037
0.37971370018850903
0.4819629191686049
0.4231276577413249
0.17893823205134987
0.24673989674333574
0.2311357477949649
0.21193963797727947
0.4243375734093855
0.3760578442455612
0.2607654425968723
0.3789404589346328
0.19851161252366156
0.4937555664556227
0.3588747948184494
0.2370005715659981
0.2538276592952118
0.14059245362728953
0.34654273841638505
0.1023388376940186
0.40761940099722627
0.37146882343904863
0.3386617741124768
0.31229100680935373
0.3734238200533406
0.488341013059831
0.24833852209196092
0.41730724895206384
0.24200562673539228
0.2684353188312988
0.25345337951773944
0.1814399902181626
0.13532311623568494
0.3541944585543274
0.3300949304258619
0.12043131050044775
0.24310144671403966
0.2361014474993473
0.31200478124849185
0.3335529606707738
0.42953328653096967
0.41680760764642866
0.13083959026180647
0.10175516244781067
0.42050572160781685
0.2924382109132705
0.49636877692997916
0.14961862957649702
0.17525801807406569
0.3398206921323544
0.20842596836227117
0.35008861437180405
0.3687227616119332
0.13693008450985658
0.38634486016396796
0.3476057123090282
0.45892186820633274
0.2608410904041397
0.21879609380585122
0.2095613063969125
0.2888270644376798
0.4056805923886546
0.1689678482076078
0.30719786258826376
0.15457512391564276
0.19769110418293967
0.27399077375361436
0.35074581720840925
0.46625117672277827
0.31389643414090695
0.12884130402095784
0.4711643129748927
0.3303568226979655
0.4402164384182433
0.3164451291246335
0.2619982484998721
0.45685678844938404
0.432550729706191
0.36282027652178694
0.44328280461811354
0.3403269651758114
0.17464670881480931
0.25086805226955855
0.3815920443810472
0.4435208334115113
0.2537358780797115
0.2400862022082902
0.22194287860618492
0.17809252863108171
0.4724864283003216
0.3716075318797799
0.4630253106636427
0.3966797662247411
0.17601108834653664
0.22047210269724898
0.11176377732255666
0.3938232705803476
0.2975141911046879
0.4172672964884022
0.23821145737727045
0.3557207497984596
0.43332152411615676
0.33482909011552847
0.18496031088721004
0.45410442463418
0.12400396167593325
0.4347282496893766
0.46779676954643945
0.28927879652580046
0.3313887736946247
0.24082595273345558
0.24811877844020525
0.11038488740499958
0.45201769449314233
0.20706963798532707
0.194813792433785
0.24796633497765905
0.23493459825395885
0.16842251295856958
0.13378125570077454
0.23614375409767652
0.44030959553500526
0.3187865994622277
0.2235291166084494
0.2989573594929225
0.3700031357720134
0.46842653900574915
0.1104376457199749
0.24746697082561636
0.12117654341349567
0.4394485719672868
0.34100925451576825
0.3270147454055661
0.34377922768434327
0.3643274861866693
0.19676427095921484
0.2475541869857894
0.25235014851987214
0.48409759379797335
0.17080993268744726
0.3372241889177017
0.432359237872208
0.46608721845601897
0.4370731889220473
0.13364009372327518
0.4005578186726573
0.21518421685124497
0.20327592172495215
0.21416506873157337
0.2949982826596609
0.4487951947093286
0.35649672859726167
0.1809865235634349
0.15895051229594268
0.2284252017640077
0.314774368346847
0.44538870284077847
0.3277267340893725
0.1905001150677481
0.2711393447913327
0.1983496788062533
0.4689992897572858
0.40098976227489025
0.2381154650375349
0.3496994030381756
0.4756282988143007
0.29983676443847695
0.46429538756180233
0.3026249002787061
0.2911549392574791
0.132356313817221
0.2507642070428353
0.2763335286469142
0.19260723565798812
0.2727273753031946
0.3435295196184893
0.42470315245978785
0.4935647547185673
0.29734574546683123
0.19635628928680396
0.29645358643239006
0.441410359272269
0.4307900147347917
0.4106356911915904
0.24919704700045126
0.14196485379678797
0.4756705636573556
0.17861496990823889
0.15858654878102435
0.31753954960324504
0.2705144170077842
0.47597178068942225
0.16942292906111667
0.21953604371113378
0.33973702469576195
0.1723004616957523
0.10161680623740588
0.11683004485561202
0.12771229578535181
0.16906252862185822
0.1546063175612838
0.1435956890957403
0.236492229857637
0.1258664551545382
0.10640629043960868
0.2293963120487864
0.4571389930816375
0.3712334141970416
0.2725920783859356
0.46114142557465343
0.32844625065820443
0.2900459734156827
0.3419885324734192
0.12391166247203533
0.16123701060371826
0.40701223399748543
0.3034835649676113
0.39691429185749183
0.4753753546043403
0.4075588003111492
0.1560898309420864
0.47718390057553806
0.49231582303120736
0.34695653173531515
0.2544362130450033
0.2480578787398609
0.47359258975453367
0.34961789736308907
0.1812138573167026
0.27545344366782465
0.3081469466784198
0.4191727434553295
0.3276614297895629
0.33875976446936285
0.23680985377129105
0.21961320743104454
0.35746765646669443
0.31055717216020295
0.36287954807992595
0.38795563184490567
0.2838231196252921
0.49863935533620973
0.320569180549946
0.23443791309187315
0.167886698031885
0.3949635317803465
0.26916977303390804
0.2064425720736364
0.3585512032207049
0.3487206797161254
0.12712558806887847
0.257844374389658
0.321498687751529
0.34486693827760406
0.40089851452020286
0.16510854260504843
0.23996526573152188
0.4789027165254761
0.4076812125496978
0.3136351173939507
0.12280734058439134
0.16588341345200208
0.29073251345636497
0.19002618358335976
0.18395208857012083
0.2942513097470201
0.1367364550447584
0.23480577008696107
0.1766854905042059
0.4128291624209869
0.15518944458375405
0.10044868984837443
0.4254799392499813
0.46765191981261034
0.11995399663969791
0.46859976389286684
0.1900967034797123
0.12784381572957826
0.3107537328794852
0.2500799701437644
0.4201955993353125
0.33273459959786467
0.3956088239782617
0.4474731581097635
0.20054324971590468
0.12291272762744337
0.28745782574237705
0.18371375050940772
0.24342870763698815
0.3017532330441282
0.2054344610092973
0.3964812379942718
0.39178557849700635
0.3983478111476775
0.3107714964361682
0.1152297893378143
0.25759835467934855
0.16981239796306796
0.4905107632414544
0.14393706740702214
0.3248303455740691
0.3950976838042206
0.12146186488396947
0.4117018081245448
0.46070003199865517
0.13679010471275724
0.17722031521136206
0.42279749427403945
0.47696185595298657
0.3781840761621338
0.23449551530032844
0.33342814170804297
0.10555787583804821
0.4621536761183138
0.4611105226502411
0.21817487103792624
0.4843058474867379
0.34550555368804164
0.3099579900204531
0.3823654719660542
0.40680268817038845
0.20551761184506057
0.4982739361449283
0.20853252596272306
0.11910580205912012
0.15310269505269058
0.174735028305619
0.31491212205395464
0.4021625409617462
0.3276090811295043
0.20459640851949681
0.1858358966914546
0.366443412572918
0.2492122884138179
0.10163941308167238
0.2746734822343947
0.45957144711388065
0.23039468428324286
0.15638214568049913
0.13164207313192386
0.42079935922036393
0.36985967800077757
0.3901384351909327
0.30038981773725976
0.20147491735936077
0.1688986796663357
0.2720522502084024
0.17359308240018018
0.4888195600083842
0.12563453223712862
0.14467819752789232
0.22478362973778054
0.20916788540036496
0.34127991708414435
0.15137381124481003
0.17613380776315643
0.2649896743932976
0.19875985882457547
0.1985284971879514
0.49325260825482264
0.11250787392362903
0.4056957616607212
0.11151527969473843
0.3366083756038777
0.26532080571742034
0.11794495305421245
0.16332758121240465
0.23313978894623288
0.3109322501784373
0.26928823543063407
0.488110334763421
0.38675039069437334
0.16292615486441459
0.3319521864424392
0.24997793927027986
0.38519627679250446
0.23284739734840143
0.4650056273058817
0.4592192732830096
0.48623883816843505
0.2684216052322198
0.19521532348087456
0.112845662740866
0.4770610032804511
0.24667773222625106
0.1108531526483398
0.400176236199993
0.33895269454319743
0.4269177086343825
0.21872525842292845
0.1774449171876209
0.20461557522330112
0.3461187654217064
0.47029513244089316
0.3910507258846453
0.3321947053548515
0.10847858971850882
0.4549706584425214
0.3762758317324655
0.27675672783116123
0.37668044091252784
0.26700080866820586
0.1677694257601189
0.13659955017736747
0.2817851293968648
0.13777405219342215
0.42241385008759424
0.18725593899880036
0.2678394799909408
0.11571603526515087
0.3052461530843749
0.14765244696114174
0.19791388338266833
0.16308669859590297
0.19951358686985587
0.3009828790384005
0.21200377147213847
0.11577796444684192
0.18252573553785842
0.11636631173200751
0.21354874741992985
0.14105832833319687
0.3594614224285858
0.16917650850362465
0.20721378193841683
0.4278464993626424
0.1934621444389849
0.3129562533162381
0.4872683516646311
0.34907842567537617
0.22497122773020892
0.20859416124980945
0.2591959067972821
0.35096102964448683
0.23568919879214603
0.3618438606524522
0.48529522689372073
0.10441524637376559
0.43969613834024335
0.36512961401262556
0.2025345163567659
0.3968216379184034
0.25840417674094096
0.1962921517285158
0.405984137384544
0.2518932954859149
0.15972862711027547
0.11498732759344765
0.17714929154136053
0.4654997815162921
0.3358225909550876
0.15231948953026042
0.28427054741315616
0.3780450063072336
0.20480015955479478
0.2606936770004964
0.3243943763546032
0.35315934620943945
0.3343116707582137
0.39143507180817894
0.4296625758473568
0.45627007366996086
0.15498487394130503
0.13122674654705413
0.2314734589307472
0.1934914602375799
0.12108304144542906
0.4243699009414068
0.4935697924994843
0.24617501069809777
0.3183616060343433
0.4790779149971255
0.24450120564448713
0.1746806079619462
0.2765621970055402
0.13707411757041932
0.29739173629267335
0.17125784644132916
0.44674938110404117
0.10073713733209476
0.18887231418756456
0.3514720650891635
0.35977493697913376
0.4620807902473383
0.2284801576435093
0.45448459418334874
0.45113870630387576
0.4750265558138097
0.2736056645500061
0.26701057130388206
0.25298637780903266
0.4183878824074626
0.3644124391500144
0.29799860524013977
0.3031806784053511
0.47599000969466776
0.43817028095465105
0.1518640351083289
0.4895722234287687
0.4264276303573292
0.41845155253267785
0.2754445509085982
0.11747817358405054
0.36117429530891154
0.42724117722734956
0.3887311564683239
0.4984402105540817
0.4047251305874249
0.31473500112948255
0.20884922238687753
0.4260104775724948
0.37277778329184164
0.25303458583276117
0.14271530435084584
0.47556562585267714
0.2720105737159167
0.33896706616495287
0.12439264597764065
0.46420303835458276
0.38055730090074025
0.3605584937922204
0.34615385876660254
0.1955955172757674
0.39908920585592456
0.20493636433955037
0.2454001690506596
0.378492019974331
0.241537032065775
0.2621768492654004
0.4899870862975434
0.3368929188544496
0.13947606091758075
0.13996204492612221
0.4707937783123807
0.3888807740963369
0.16807111283508838
0.4599524349182338
0.22235505144596496
0.49356150920128916
0.292240631285142
0.35788692243224207
0.23117221460272602
0.46186226939422914
0.39761119015669266
0.24895630169064573
0.47504363402962224
0.40743819679160953
0.4079969866134846
0.4255078830176118
0.22494246274674667
0.24235229206968167
0.3675778701155371
0.25617706056607126
0.2561531614247644
0.10997909098667305
0.19000811240003485
0.3970504978099283
0.33424711755213166
0.4526339634815415
0.11370083064100625
0.30693516261541204
0.22895749600063514
0.3559105503190355
0.16845482781368176
0.49163051265111324
0.27250918177792616
0.4515189855794711
0.48796689352824485
0.3787724816202195
0.23406232005697555
0.19991506845904322
0.24133911051402263
0.2745627883681846
0.21845114904256807
0.47479771668284787
0.48534490385641604
0.4529971367987904
0.40270628326890223
0.17931892583416006
0.4597847437447964
0.2397858805143649
0.48522304718369613
0.3635472933572461
0.38680470503260944
0.10949997635184215
0.37460294446867703
0.21953944464409286
0.2352165094549839
0.2041913616140597
0.4131028900664382
0.4250409984687583
0.21713109970962768
0.3131213353108418
0.30955253029425356
0.49365783613976966
0.12716781751981807
0.4018207790321223
0.3709082944694967
0.28469862340451263
0.3114527986462512
0.2536407039801314
0.2571133273212761
0.21881748717541885
0.1402399226284004
0.3056907098349049
0.2885430376184437
0.46340792458123736
0.11788767607242577
0.15951954105284558
0.2856026729999557
0.34649871749952377
0.18029753484127764
0.26111776777494367
0.37039841296028897
0.1902637344091533
0.128169366218085
0.13938743887967125
0.2165989905708708
0.4527642371579217
0.48240685053800836
0.43509658832022635
0.49690683393377255
0.29538262467748444
0.4227981517100704
0.32365392697863504
0.21038600919974676
0.10774320141862873
0.25031963337562024
0.3094548361402303
0.2691568711694713
0.3409399051127425
0.16107079834819382
0.19596697729388424
0.43153204981704507
0.20111364279032948
0.3441789744040934
0.3962711065275416
0.15122073007552383
0.3689568219991899
0.3605892664728859
0.1230269199302696
0.25299770276323774
0.2315835163976336
0.27892188238039684
0.47305273305447126
0.10541312856900481
0.3350523537717024
0.24545998142029288
0.26175593785421825
0.17051698449364677
0.2730005388319503
0.33806344648270614
0.20502586789294802
0.2346361883899551
0.3645950439075575
0.4371924024098127
0.18457357094302518
0.4299427039295681
0.4460618100985797
0.3259711508698301
0.1322830736357803
0.18968497329966294
0.41783392965018873
0.48684886460392185
0.2741779346039506
0.2803790752084313
0.135213949546203
0.3527028322274731
0.16032968581787693
0.2983531302607092
0.38726534221614994
0.23600225023336754
0.4286104139090954
0.2206242694046844
0.4647459592129195
0.41831644834349524
0.10119868520935796
0.19722821756177178
0.15584741790535453
0.4019829409295913
0.4419223569871583
0.37876742500057925
0.44661764332002496
0.44077991869383715
0.19146723566174417
0.24319911635158786
0.37626152101585053
0.23968359336675996
0.35791416554028255
0.45328189729375723
0.4440693892074694
0.3824294347444924
0.38142661419137136
0.35668257550002536
0.4007277855711263
0.4906576716257506
0.3277137050145481
0.33297892730600753
0.4255086738144237
0.46962823938539944
0.3783925069162667
0.32700801390198314
0.3162541894582578
0.14772346632421238
0.38346906081535315
0.4636154206216099
0.39323344139746186
0.2642320116362112
0.4777130912690397
0.15902481338131833
0.2934050126000134
0.3147262169792664
0.21117675284791293
0.40087803561253643
0.24208298527644262
0.3288955978779593
0.1162065908139895
0.1073625116120534
0.29979552218928607
0.3406969617073976
0.3729148051690596
0.2245651731334023
0.28530501010620757
0.22469150460029608
0.46972383689705544
0.32283778576553057
0.1874144434152663
0.12574317934935417
0.43285872982539697
0.4375963333891829
0.2392265812843132
0.16564780661916548
0.4213206110234583
0.14442156117379043
0.2935024630142603
0.304526801061493
0.18215201086925156
0.1822819601467709
0.1634314218089409
0.2511167647614687
0.46820828150492055
0.3897782860247534
0.13031496095917172
0.3612316886981134
0.3183094872410611
0.1694883586531124
0.314011536875216
0.34995693538041683
0.10553217455121425
0.16820893689683264
0.13095458990981057
0.15331460878539824
0.14901857911406685
0.3413170513962852
0.4876345453295149
0.14538591412657642
0.481448300351639
0.37416049004708174
0.43559605896768727
0.48227427776387455
0.4962355248757223
0.22614746714846867
0.16123495017255776
0.40294716451873314
0.10623450095248366
0.36125911476787154
0.3265454444468304
0.12798265565536573
0.18925542526166528
0.35159172820762996
0.2776042199563838
0.34062217625464486
0.4210160705481468
0.15214112892134934
0.2409360659271275
0.21335969958221856
0.2680782530842487
0.3517911106798691
0.37342975860515604
0.35652020911598237
0.3029977432083797
0.4570564341561386
0.2855000123175253
0.3700015528302334
0.3214742448868593
0.19478177481617506
0.15234825227662707
0.3238759798464761
0.30554521989628364
0.495403110997525
0.37077591758980377
0.24479653223283815
0.1666460786275005
0.19191035474408613
0.28595781268642695
0.28344165751002226
0.29924035624469525
0.1923628298148289
0.30391277096708214
0.3047125683174604
0.17745687228087365
0.4175769839592228
0.3295667854727651
0.30774404701051206
0.45623748678787446
0.3009249538462123
0.1286978959670475
0.1798917155765168
0.3964695412473066
0.18852763767495728
0.2798994598023642
0.2423890086704336
0.3488867255188467
0.400801853977767
0.33584185492834995
0.49237172042500654
0.23886254248567018
0.32492394896842325
0.20540088808576806
0.19022137226135716
0.36433679778071426
0.196821829975797
0.32876186255536743
0.13678866419314528
0.2972403119519732
0.31742158134571674
0.4676023016555477
0.3439166008865338
0.2528889343942107
0.3057856244738958
0.23428533678259839
0.12899527083147475
0.28567223579956336
0.26117749440987914
0.163055166758742
0.33656704595223097
0.23782812469154027
0.41685895441346466
0.4059461620500918
0.24928390390117505
0.2945026271329573
0.35931041594491475
0.3949529493124597
0.4171402909925509
0.17015807001615268
0.22120010023576564
0.28286813389638166
0.23706126830254837
0.1041192878014619
0.4573526638188573
0.2269616008296009
0.46345213834138266
0.25255191337121574
0.10443661974216432
0.3852937975398366
0.48220171016028224
0.3979552387877894
0.19070751162860755
0.4363078373075585
0.2070087037850751
0.29701490235385114
0.2540037001893608
0.413724222734167
0.4831477415585307
0.4812490298992662
0.23806373503367573
0.49428457141094617
0.39760130292941676
0.24480443974675692
0.2534470028530387
0.47128146560415063
0.1811150473634846
0.28567256586773826
0.2142068902798755
0.3509073400969033
0.2372098048100001
0.20427000203231005
0.19426405708447458
0.29809864248723816
0.37215578802082905
0.3305250410247821
0.3616255001901817
0.43920124732942945
0.10291011632133458
0.3951051460649717
0.32477353629132116
0.18757177874390296
0.4961080246105336
0.3711648819765886
0.3473477587646582
0.2788434764181216
0.17054281616832406
0.26923198680859417
0.3002496197426863
0.18912592285730745
0.394886421902931
0.4631767714000984
0.16816756851457398
0.24926235480857756
0.18438592409325932
0.1771327481851115
0.20355368680180336
0.27098087831284356
0.10278188473287285
0.40146302535432554
0.21582136762640355
0.3825274064727725
0.18664311953452561
0.3473056244125275
0.13979955473573347
0.15791987079866177
0.14463515533657306
0.391464474183867
0.16938814145553044
0.3221440423161518
0.22921753758289262
0.1283320669861091
0.4675571467979718
0.14178766239598675
0.3916640001173174
0.38683713998856406
0.3055975227724808
0.19780424216188092
0.37684304522983436
0.19039405283356117
0.2847295906939083
0.14455520845993536
0.4398075143976906
0.3915186789814529
0.14828632655920246
0.25430085190205093
0.2789620101817623
0.4113662211349324
0.46554080889847194
0.3219050063292803
0.4635690919487454
0.17867520061551845
0.34584447762539733
0.3805045238117587
0.1042383422775861
0.23395976495564497
0.41930655672477324
0.32303455982569473
0.21032423821274257
0.48827794138905267
0.4671189341700269
0.2355687462370286
0.22551481066830653
0.3044833282637156
0.4436402367348474
0.30971345661577065
0.16867563463134383
0.30786441972269396
0.40267665909983963
0.31660257499958233
0.34391750405926247
0.11314659845853058
0.37183988023050707
0.23533562013130094
0.4540798735961096
0.4647233228688119
0.19168791178363362
0.4539352616947989
0.30454340778124245
0.3108479836900009
0.15169939178564076
0.1854466431769649
0.4308811344165282
0.4145027256232189
0.2200565327163961
0.30080487162019887
0.3249808645866221
0.36183902126087886
0.3058615690313911
0.23522433162385906
0.28521255547003044
0.19911905913071304
0.4909686085238679
0.36919331046338
0.18636272082798314
0.3856943814414724
0.4465868531268301
0.2741946163153073
0.20052120381791655
0.10574227953401061
0.3671302723554676
0.3339951060562789
0.4321877198196099
0.4335400379023855
0.34863754987793405
0.3848759455670586
0.12179317310112237
0.14579529479602252
0.4362414973673219
0.21866180710347685
0.32420915109076665
0.16423647844940792
0.37235863666464597
0.40541817122269364
0.38225570583362833
0.3211330251471421
0.4932528013165456
0.4265587760438694
0.2639133437837502
0.48224704044305833
0.465957947645255
0.2450403564947442
0.147524165503226
0.4589445198964467
0.4172396722091637
0.3094355596582637
0.12434959649277269
0.2291620294830965
0.395730301477067
0.2761308254825792
0.34565381807804796
0.2498276286862689
0.2663707267384178
0.3609757393717531
0.34221616370056696
0.20711171573117193
0.11495965461541476
0.2580601123235666
0.1604764826838686
0.49881274960957245
0.10234336981345332
0.26952686318651353
0.22592042979809002
0.27118112957150664
0.29158574478063026
0.27735716602604366
0.36353517171834515
0.4564358434287845
0.14218941271648827
0.46153856335180976
0.28598187475607856
0.2780906287444418
0.2554367203608452
0.4557914480433911
0.19410084257971644
0.42114288666294997
0.45357097832758797
0.35484374851071687
0.23691719935121203
0.481267475206285
0.27312018301209107
0.2204615133511345
0.4685514187319093
0.22190489177607758
0.26466252225230535
0.14607356319346487
0.35456940999504505
0.44064103508428487
0.38439561646867837
0.4141704791319911
0.1796693506699285
0.4216730164852557
0.3371095321739236
0.13074907757643978
0.34011296919113077
0.24018757742535635
0.3507967122719491
0.3927884380739842
0.326324104018072
0.10268834466287934
0.3074738910684054
0.45132464529476357
0.3585404815979686
0.35766489267669144
0.4068473936063287
0.28476640517972107
0.44816993391823645
0.19890577162485457
0.1187888294811914
0.4626543816793719
0.47832266964646675
0.15603082712662691
0.2790538505950252
0.42769193606388545
0.3791699663758913
0.4354762027480833
0.1719154165618361
0.46284603275801106
0.24155989759153523
0.1147325387490446
0.29656881432696275
0.24923071266112556
0.1758352122257094
0.3982343004841832
0.23279066124906356
0.4615210713543594
0.10794276651758739
0.43368731910511427
0.4354821746191172
0.45307300193315536
0.2003177611369857
0.31302942061550243
0.40205236020363244
0.4069894020644712
0.4065325148628912
0.31903162618464315
0.11658634401639865
0.45613601046817864
0.27871860392731684
0.3928992364115631
0.15854453475740754
0.326519787944192
0.16071185878659122
0.4674144112404611
0.3469766793040737
0.233067555200911
0.3506803586277941
0.19222629420526102
0.18453266482750585
0.2491162291361102
0.480069016372196
0.38112689651275533
0.31063872540824244
0.2833672106078797
0.11809175884269028
0.23492306172339072
0.30536295378862344
0.38895333575079927
0.34296273883454464
0.3433912788557698
0.4564203069365549
0.32308797977628756
0.12524065841996734
0.21252098540006747
0.3234619937831616
0.12764785665683698
0.19727606489135102
0.17565061075454894
0.26981550158545453
0.31437929665402353
0.17875021773378386
0.26394405862832043
0.3856442969590016
0.4429584176091753
0.2772477524901975
0.13925016286173042
0.4066016045839239
0.4959234025634388
0.3337364309520066
0.2569446321073069
0.32507298189805955
0.3386393179089734
0.22431963265780164
0.2900553948872928
0.15995395833953038
0.49250189629037033
0.2890174457260731
0.37692929759160776
0.45129595372732056
0.36889079495618216
0.19246954736157118
0.36156782856870573
0.3726740995393619
0.3604691622324431
0.38240019929944247
0.4528218652243442
0.1447376934751922
0.3438967365109734
0.23421889089312709
0.14563604591382717
0.2933682229744661
0.3981090630967854
0.12438785835269509
0.39653826062380904
0.15516367982584525
0.10685000058202038
0.4683652486206744
0.4776176466462717
0.3594630552582173
0.11786327242025992
0.36915217713444626
0.3610466051316201
0.4517233177525004
0.15962969610442063
0.1849427379130468
0.3389799484681526
0.3127506886440462
0.14959147298765454
0.45598665194091426
0.12375777630808577
0.15970559625882408
0.1625175702254721
0.36926453383463753
0.1512539129023375
0.47504380220275977
0.2995801700706847
0.44240316768251253
0.11716805527006723
0.11099971167234882
0.21437792270620198
0.340278990702096
0.30363584514977227
0.3837818200216173
0.46263052173919017
0.4219862570869054
0.443043606400359
0.3492436068179571
0.40351278328000195
0.4779915352129781
0.41488178172587087
0.22205383974801798
0.4516425004371968
0.24424643479219044
0.46878233768842537
0.12878889972440263
0.2973184813354711
0.27134494708679
0.2942659674869489
0.4358742707303632
0.2608456748041692
0.41792013018209384
0.17744168573074892
0.18484196992402238
0.19473603459065567
0.22536206122060531
0.25664747193354176
0.34654088378341696
0.4787835634215347
0.20138273210018026
0.4311323148482725
0.38492931645522344
0.2965681628777422
0.3098813541542263
0.23318258575169276
0.31732321260270174
0.2856119295344933
0.1745187817980708
0.15884676658642422
0.29056050622600194
0.16679865897746732
0.3111521065733026
0.30904496026305506
0.11595742627858018
0.4590475521581022
0.4704759120475056
0.20240575269393415
0.19901427046273126
0.31106195379715185
0.44173459604734044
0.31615621141947725
0.46279689492930254
0.3518845961379501
0.40311563884418056
0.2449635029121089
0.26124641815771577
0.29896993609726186
0.19441117155692678
0.19669370147801335
0.4714045724731084
0.43804982943007575
0.4550679908539702
0.40682428361000766
0.3574106713411098
0.3124200675831197
0.2412981602017502
0.4183472842103143
0.32554974314074825
0.170646371027376
0.3447056890955764
0.4399141882021387
0.3619998629990323
0.361751490110768
0.3669990061510374
0.4280333536299197
0.3401536815718955
0.3787812047898541
0.4583897378616779
0.19512763778685313
0.3062307112069721
0.27217482189590037
0.13026210438286123
0.28659630174087547
0.4447107314429196
0.17280324648603218
0.40623396740510953
0.4524376873083179
0.3692792722613034
0.37660301969678434
0.45872832418242904
0.258922964776563
0.4815072733300648
0.18294354481534209
0.10089558015381105
0.41627948929993364
0.3995444596856518
0.28576920472154727
0.3023941304273662
0.47664148159558195
0.10650525415617557
0.3473951173866261
0.3015073141761615
0.3752990309341865
0.4571570837340452
0.20949775086099917
0.13403082311262426
0.16975043516576993
0.18494796445758582
0.4647090707331113
0.25626200559603873
0.4118744192435938
0.3302194331570899
0.18875458600190004
0.28540476879734844
0.46301980994329917
0.34265489274055616
0.33065050189874534
0.11480651142972871
0.33167222990860046
0.3863577544212149
0.3721195844359777
0.32746231401238723
0.12399907620533007
0.10521136997409522
0.1471072618886154
0.43680062716714496
0.31277876247762687
0.237512020441707
0.3572211601155527
0.14500072746189374
0.26600221198610163
0.32114788761932084
0.28587886188460365
0.332319886006582
0.10586332816310362
0.3788904200037039
0.3288101193814307
0.3951247604606867
0.16257009073484752
0.2845662849863264
0.3989999685850021
0.4708772853219433
0.26859415788705676
0.3233967620482839
0.20629117343067735
0.20341199301213939
0.20156381913826565
0.16769096195664057
0.12080900037662978
0.12838635094002826
0.14586463302707992
0.3830315427873585
0.3155296011762797
0.12302810532868698
0.44187841061695443
0.40988903296742507
0.24733073328697186
0.21397656078930083
0.1190660314510005
0.3189160497049054
0.3178730083054119
0.4800597627333857
0.4661445672960467
0.4082744887775377
0.23680353587697295
0.13673616223016807
0.4262497309853017
0.3763758607604294
0.29528233715021557
0.3996563705041891
0.22571860843828465
0.14755086557752534
0.1256109557911158
0.4573453778473241
0.3205917178561978
0.4732583822829337
0.2782648246742943
0.22750085388833427
0.43545197365674637
0.16818309799682743
0.35021119462919237
0.10371408740407828
0.1790345289392551
0.15112517374216547
0.2979216279602085
0.2168858950455136
0.16391989271668372
0.4364523744433674
0.21958154033810495
0.1563355503448403
0.2874303763357934
0.15150731910088597
0.37576320818113074
0.4252480635749184
0.2724269376194458
0.2424685231960873
0.48983982772819556
0.3695027215827992
0.4752405201331089
0.3277466898220236
0.14516934980568413
0.2637872373010237
0.27094701299195334
0.10228667590545677
0.32514303889400825
0.2406076849172142
0.44134884064357705
0.46341699817822823
0.23351009423230693
0.25158878972040905
0.11506192111786517
0.2299514883667725
0.35855550814146575
0.32571394525480357
0.15150196356939194
0.4962271814110467
0.45908108786520563
0.43126871998617133
0.22921756173343777
0.14401084535186023
0.4715496541958334
0.3432978878127218
0.3749951726219223
0.2721644128133831
0.3468973651876526
0.2511418300656987
0.23069346924506415
0.13380506822681348
0.15542511030250705
0.1580473546233929
0.4915853367651468
0.1006319420031236
0.35584566243163096
0.20139751536829362
0.16129277897114297
0.469209832332282
0.4706777387641272
0.31822635163061014
0.24539136356849767
0.34602032540842687
0.3291940275542513
0.2531855928604646
0.19932368365764144
0.4018024414847906
0.1372403341706209
0.24390537489870223
0.1794822090557646
0.31394799398774786
0.20703864222470558
0.4089763927595289
0.19059984423486323
0.1696838296134625
0.37817816424806205
0.1052846008377558
0.18646484263079907
0.253053606002105
0.14833051084959892
0.12998153384310496
0.2763207998784505
0.48500346024840024
0.32143064339907435
0.2829916798724229
0.47942152201166854
0.3983804718701277
0.2799752408286237
0.24865184052762684
0.29385952907106694
0.4785942496569253
0.2477970672876511
0.13347329214589432
0.41181853074229147
0.21902108356711547
0.48445647767215394
0.30703731807190493
0.1020259509823756
0.36569990917167605
0.33485551925460755
0.38386602371113865
0.1322416364566669
0.20230645141459425
0.1801784000243054
0.25735763829589997
0.32145591980200694
0.28376423753904284
0.2069079459778984
0.17531302989855344
0.4190817947064046
0.25067016938301234
0.22058285146537374
0.29894580890299177
0.3616445253442071
0.3043342818095426
0.28422823229015315
0.11485442721033584
0.388030364616723
0.21955647095138545
0.2921945390712406
0.3527288931086707
0.15965922617827788
0.14331671924367895
0.3698484925161257
0.4108937667442484
0.3411710140096633
0.12796975448388415
0.31565552573867983
0.1829503013720779
0.15137076693448526
0.390279390813671
0.12670200500367162
0.4870001336130795
0.4440256976437008
0.4085150886007597
0.27540588802933885
0.29435508054549653
0.44707782109033845
0.20958068390558127
0.4584419519681533
0.47311979717697716
0.3007331937295118
0.2323306030265985
0.35335724647942934
0.48574717406397894
0.18780103490794123
0.16606701518633143
0.4428838668339229
0.20692668041164397
0.1446339407139505
0.36038232523589453
0.16837162418182017
0.47460451289200034
0.4470232945158038
0.42921959765284734
0.4570713405560173
0.2517505422605577
0.3763910751304421
0.4565056501291346
0.23517307447123456
0.4250346023625843
0.16482420705246206
0.36689670503551663
0.16573613767533352
0.3475897677938602
0.22650704983964892
0.14616092712381878
0.16600562331455515
0.14815245847491867
0.2936506813767169
0.44801588786016444
0.21228102886252243
0.38883496690560937
0.4043976198343251
0.347295644565666
0.3318227792259866
0.369763187130126
0.4796081597680295
0.42485815244372593
0.44112359825755054
0.41929467754083216
0.3666616211438798
0.2853253595407814
0.11948223832993775
0.16979969615697732
0.38940485083249954
0.24087177322036313
0.12233965863018118
0.39470860320287826
0.20371169612995757
0.21253821793075464
0.34621790345309533
0.44236623787556784
0.4377157879763671
0.2847474449781034
0.2181908172615455
0.443258990429353
0.39202456808633157
0.2600001376716661
0.3602426038873605
0.18965909035255124
0.4525358724945363
0.3269838049212508
0.18562060912560296
0.20677536190677875
0.2838411066318656
0.20218027684139506
0.4017526423057315
0.3501456858825004
0.4652691795014521
0.44325419057758364
0.4619506562158602
0.4192718694235791
0.19199530457357927
0.4544826741588075
0.12965153910773913
0.25306120632010687
0.41484620494882607
0.16749316556245963
0.2302773555764146
0.49318774724300474
0.3554239039495607
