946.5063578259624
903.0258150167109
950.4905322560338
652.9798452224236
539.0887584288901
526.3356606122298
918.6707820671268
806.1010325903392
700.022301924347
934.4839926930513
935.2991236912793
834.8997712491943
960.9244998906605
546.28775649017
863.9664826233433
911.960260421758
881.1603260027307
765.9657796725429
807.31740542663
568.6195821499181
924.1736401396976
574.626776948284
608.3980905386666
595.5229306288456
675.6871751506092
653.437004988009
956.6283984734756
875.9804492879332
670.1443869002574
934.0129272214705
762.5377994726935
872.5527282510943
741.023555681919
738.7515301708027
584.6639486586798
643.2127726140374
963.4374597563291
551.5999282645346
685.036605289179
716.6903498656814
678.0217799704737
687.462723258421
738.9858370128685
771.7719831634055
557.7473646884856
624.61301374107
759.6607385356199
615.4002327355755
557.9347488331852
681.4521676451487
980.2477385494051
904.226755253963
892.078582778371
572.8002044553365
977.6102554597435
839.9320442796732
961.2312979730534
940.6689519747467
944.0774899572035
554.00128850834
782.6438856093245
561.4182583744102
621.0472015243491
514.7298542938366
886.2410298986349
626.6250632402864
832.7936400228505
727.2729308492543
900.2060617671225
982.6262383713995
889.3995136677663
913.7238949403788
670.4149355367236
918.6059462953699
529.7735015413413
788.5790154964959
660.7400940692631
926.2461741424477
512.9383125643408
834.9196654660154
884.5000917631818
875.6195107180911
756.309652704174
649.2435159631524
905.5829359552517
689.2002309889403
538.3200734114491
858.7527907545598
889.1971291449408
837.2334484683215
733.414183712073
510.1828878925358
956.0321442044128
706.8944492354807
670.210901091456
701.6977557903206
576.6638263855624
509.0612229098798
792.6138145630312
716.9868659714507
748.1010697180626
831.227251439296
788.9818448796433
807.6975885793229
792.0304093610549
611.5930715836291
795.5880134711209
913.2089775166758
597.217909540209
884.4077272099275
614.2260971134388
989.0688660797002
759.7153375162387
786.1496173142993
503.18399724802833
957.0117343438086
700.3000601592946
825.8438365254594
646.7486836102808
575.0280780552988
680.8946165008472
570.597907690709
899.4422850950939
576.7091476977124
986.9461868002177
631.6348525973344
711.275858872633
827.4365560348319
576.1483977943124
707.6663182212319
598.9555355542743
910.3598122243254
803.3312530051805
883.5099372688048
785.8409684365787
615.642237872044
738.7532732785938
850.9452302560176
527.6140744775242
952.6404695467802
917.1410129346336
704.4441799410843
939.5394162797731
789.7527548090405
527.2012891678007
608.1545250945658
824.8368011428211
840.9180664788762
955.4270374353689
897.3765347835797
967.6713958814469
886.531905981727
582.7534712590931
744.6729793153341
963.2950854932101
885.9825844332975
909.0359709510964
868.337886025167
926.6468749593892
960.9654561142481
562.3246598890607
517.6754266577146
644.6530517849441
989.9166981506382
920.7240640936618
900.2927905285208
910.4031110730809
810.7456827239249
585.0736425300058
980.7940466941754
518.4838010543293
554.2375840708473
614.1149622796163
877.6519154423804
841.2500019056673
862.2218748817328
706.6672252855293
756.705853421632
517.4260268480002
889.9079248618154
825.7613192932295
730.0155326724758
791.1678987828594
957.5237351668102
694.2403632613696
511.3376638887405
742.342203607266
802.3878783246649
976.3946795989871
682.0525708276592
636.4444642021012
684.6857054089539
963.079589491845
953.8737416541389
891.6474438205347
512.4213052035972
855.1339779672791
710.1127950500594
699.4758091629543
962.7386084532891
607.1421416536425
763.848769710682
599.083010340593
727.4925230018983
715.4082198027924
913.2737931137116
594.8147804015241
794.0515879380725
757.195148995019
585.9121901098401
874.9978794269501
798.3597843686324
850.5126025778308
677.5228662012873
839.535677214056
583.2502038076173
699.3956641545825
593.3552289435893
816.388942994445
642.0351581757768
832.3504197802499
645.7909978701837
504.7053190693625
688.1054697909808
529.9755264604541
742.1267411904922
886.1152013737984
600.9374846632413
918.8816489367684
515.0203286584898
725.0723108371417
549.6008361763026
844.9256772875533
713.026215964448
970.6453114288747
834.507727796498
738.7849790038712
897.2548775959658
635.8963713875312
830.1240541247598
834.5542409372597
762.5251188388103
867.2537648212559
971.2093317555207
938.0957941231557
748.4344060515971
539.2256487734325
858.2056656514612
974.7140808610156
550.2100542776985
676.7193330296025
734.509965691455
859.2366575152668
587.5529462596297
984.523439396824
636.0853028121028
918.2732328457616
625.6730249833614
987.4962182537088
849.8882270944905
895.8476111031046
576.3275481626746
539.2202799331883
917.2211147402024
778.2045204195296
837.6587770971882
995.9310915283888
924.912724997421
705.6648847292421
897.2912665906413
733.5232151452385
578.9230216547171
851.967394545429
815.4041049411492
604.2441699833898
811.85866676915
982.9931268980465
821.0479169864027
823.9396675422647
740.0624969268838
677.994808028574
708.3960258095079
826.8054179404226
904.3403775576278
769.4790058826188
536.2835845040656
503.29752867376396
764.1941394314413
816.501912658857
850.5744416690517
987.1776440421552
902.4006439303587
596.3173645219302
676.1487112007042
998.3751819851254
885.7871268009516
644.7374601857186
500.5702547422538
568.4010691393555
791.612447841803
668.6543149808317
555.481604935073
982.4311465924457
663.8166387571974
870.5666170035331
937.6740856653357
914.9032494679229
585.7328241221827
665.5599685993643
568.886832324577
976.8703610099651
822.7950607907782
876.7705392255306
773.3259205568767
864.690161311609
544.6008666559604
510.3215951312416
984.8950549408655
852.2352163164336
978.7133159107802
617.0525889676475
652.683667320948
537.1686340142701
759.5472612902304
910.5825851693681
634.2174769417925
976.3293768008084
754.2438535920716
976.7461284827884
632.6800486680147
567.7005332469635
861.9394090931792
615.9976724937989
833.4398841539578
505.14372824243645
945.3016225392805
624.4019777407185
772.5455822732167
525.0625640132263
778.8348931848745
590.8288140256412
865.2940263607503
644.3478648072596
587.7544686538126
610.4963221004173
712.8748838168644
944.2059028667846
694.4207727292393
680.4125138616182
788.4350718285597
984.5563501896789
722.8183252639304
773.0317205953006
772.6174376524909
816.7021063208651
596.5760251750257
637.5694288133406
833.8897401934594
894.191683310971
972.3076911595765
951.180068011952
788.277914646249
931.5272532469703
903.2287725829622
717.7201282433648
915.137041606562
964.3325031937641
972.6188324114825
545.0627458734128
552.7293537906204
514.8546127194371
981.507048384347
919.2627830256181
820.2001929179797
664.651763213163
863.7076003557288
768.6939385060574
935.0579655247974
711.3996665007693
683.2842026192989
748.7364992279477
842.2504047647325
837.676728762236
826.4563585763542
869.7100577693406
816.6211372427548
981.7715271113498
697.096883605923
870.8587880051396
644.5893232650019
932.9255054795078
929.022944624602
970.4213381316795
913.6840815393156
507.2788346481967
807.3343162982563
956.612169862896
949.3570048568606
593.368961727629
777.1413877102632
915.1957202613719
879.378451816385
673.6890188305599
904.2311690944757
572.6559985380227
779.3432481339639
812.246756583748
704.0126456621548
637.1036574187724
735.453106873709
525.4028909898553
586.4558481534275
786.0406834393414
628.5363672041628
542.5811726204579
810.6903144513598
509.7144365495739
587.7891335846123
691.5731658176189
998.1129556783453
700.8231841967695
572.700865041434
539.9884957671239
890.1706134578685
817.8762085907315
900.6955835947915
880.8813164539615
607.3994191593051
571.2452235496321
799.8026347216455
884.2887698802974
764.3067706440672
545.9271715244233
920.2317727749419
760.3228496054337
834.612895367935
963.7726442065751
658.1460228109418
962.2284444847912
639.4274033558725
594.9487675268159
814.5291041381254
590.0589266998538
670.2482543459639
846.2227663453599
834.2692566342315
746.4260128002022
546.7557723778853
814.5565541120329
755.1014767418869
801.2384166536807
928.8870802640987
916.0621474330818
696.6859542308506
708.8788191588911
550.3833632881629
994.7811807880794
991.301464081904
938.9297551585457
608.9660472704895
677.1590674818159
502.1618701972791
770.3196077159992
765.9516792752864
732.2049230749118
942.3483075741027
503.85926140709546
511.4353566799503
675.4474138148455
871.1216812694167
852.5455988554739
848.184866098474
817.030379922533
803.7480515117579
539.4665530837366
501.9933025475153
773.6877949178595
939.7373522144087
953.832348034274
701.6057504725236
519.4903769243132
616.896144519052
589.4081411303005
761.9141258575041
700.3264558877587
569.1532599744824
605.2582601484645
992.35167560402
948.5331526921397
835.9344170751313
918.7386106969083
906.9690762983591
988.817020691362
857.645914829119
723.0320459993524
722.5350944048223
752.160229958972
919.9939353649866
568.2089172734647
594.9396869164152
628.1636351807234
692.2516306685523
782.5757926318195
632.0440984401062
662.3849940903706
985.4223283942117
720.4233503597696
888.7033482600821
935.6489103583134
590.1175974543628
924.977641630165
841.3840664003096
565.3186264755018
709.8517095119482
992.6157406857147
695.2734650051934
975.2000903657744
815.4560962692738
555.074573035367
717.2055663833542
686.2736735484839
779.5506441986608
612.7474946994604
574.926483396024
982.6070233613939
637.1431664876807
813.5855459356535
797.4494201775497
840.4669662234473
673.9282283471415
913.8018054918068
880.7426485075755
553.4835716718414
913.591706681686
564.1304128767378
789.119622908338
597.3066537349517
888.8653206076183
955.1722597918791
538.8851638331345
793.0544875874632
996.896136074535
962.563356434237
691.0341511150507
628.3468780376525
807.6801888452108
959.5329300778817
890.6598516938143
540.0651607354121
953.1046990792593
589.0167464057006
552.8275494692778
691.6885737726211
853.9833170759373
503.2968730585216
568.0935265585415
904.0098582507587
677.7905507332853
821.2712621027443
579.3208605954815
505.9683450998678
872.8780831581373
863.8830592774991
703.2277355660833
867.3712726857109
686.0624414815509
842.9967662621646
807.1666659138447
597.0554629224597
561.9514041520176
999.6432463731435
699.3049067139409
813.9893178592911
583.8682405076886
582.9237040696265
573.0680614421129
886.8230362390935
603.167837010912
736.6724863653939
551.5802861955223
897.8592148468088
678.5730401149614
887.8621559476485
741.6479039509197
987.7686593565147
942.1338312936994
902.113074827478
840.054761221051
856.0694373634419
558.3391058546204
526.7154318561023
557.6056792004844
761.9510196777412
855.9772951966852
626.7466308364905
706.3214739849708
966.2917986720495
590.6983733914246
521.6590385411124
558.0164693514092
514.3836622647813
706.7093384793249
998.2227932272103
974.2000014972616
985.515822486836
918.064293246277
634.1580055360746
620.697309202965
896.4293869007495
996.9150901828798
664.4177690416152
616.2655819018919
755.9337750400075
615.7598765723367
903.4487996603817
979.2445501881205
877.754899044514
980.234346403848
714.1641368086965
848.1134505734194
712.1677032077203
702.4162419816154
505.83024035904555
500.19869347033955
927.2247860544014
673.6776348649463
930.5419551606019
536.6736916167779
939.7911000291934
916.9947428266148
514.885325002733
818.3275462584234
746.1490974468892
750.9483994860202
523.924451163167
767.2523083260188
531.7516484495293
519.3287204420168
957.6501395034262
979.0506721104408
786.1993710638375
975.577157775932
803.4518852925742
544.9126126549702
614.8806675272415
608.0661069620203
597.7568660095083
902.0726753196318
658.0682879598359
525.6212693671396
965.4179396062386
722.9035168420514
509.5074547409227
806.9622125945991
615.950992006467
966.0146754502231
792.6396506421497
811.2383160487856
528.7544944400885
897.1357977005457
585.361808133345
701.9944931190599
784.0427881812158
685.7512651600696
880.5996730665161
994.1836506120034
506.27947327485515
850.7748201592951
705.8702357896353
623.7323020523893
703.905174987795
745.3408367061865
869.106865726362
825.6529636704252
555.1406038331284
699.8625577695383
516.4833687566535
943.5419100403676
769.0120809280813
803.5208510853099
509.68893070901424
978.2073250592755
675.7308056265001
747.5423130362693
985.1955316552155
781.6184871180924
782.210968173418
564.9583930380926
998.7304950603002
780.5393090897253
699.7347498764049
799.2039657772696
950.5787068907978
569.366993166709
534.9953146195749
549.3652664498422
781.7463393790084
559.9780707628236
838.2413910195186
530.8677833085173
965.7255891755856
591.935767023868
660.8726239651342
527.7525280242284
879.1287807878879
911.5233503175357
885.2279768617796
734.7617957287503
600.54847634127
628.8394070123877
674.9938848366328
517.3593401455659
857.9079272763785
631.1375622726765
940.6645817858248
824.4816988183743
931.0545400292522
649.6120391385257
625.5051448138894
599.7330428707845
962.3184887247401
800.2686455039644
676.8360676214979
506.965284501691
686.6040640219578
802.7451467460908
631.0959551820424
606.8127691392865
769.4526265017487
813.7734772823462
550.6250963946471
666.6931911150461
847.5768786360056
735.9066675422853
984.1747681954424
573.6871389481798
968.023938739529
679.0307166228918
920.0750481008547
501.39083890032646
687.6323398649528
874.149062363721
501.1044333128849
687.5827156930783
608.4060666234002
538.6082290856897
560.3098182885475
608.5857041411361
579.3920259758085
965.1524999229439
679.0368659334799
612.8192085535285
502.22443612068963
740.720921696071
527.9400495309238
501.58805179085306
924.8429763093477
711.0012875250375
937.3380015626954
586.5889723178044
615.0981189580127
769.2088678784398
681.0801040153931
861.9435038101258
598.3240730973318
631.1606694173767
609.7594862649586
506.65884967810234
631.5079955728343
923.2142929102497
803.4614101719369
603.8735332960198
905.542105712341
574.9792680618898
943.2383358964958
937.2122355230184
688.5641108928698
533.9562943217485
770.269028837158
953.096314588875
662.7757176349169
975.6898501671824
937.4592898549793
524.8526392266548
579.9212670084559
819.5512920005077
903.5358172302845
735.2311131115523
848.1456226542737
866.0561503318179
725.8585502048836
614.063553506442
778.6223109624152
500.7337026865852
643.5108847325287
541.7156380376965
651.0507935079125
896.8957239629726
944.6631560668909
715.661011633644
731.1584589940934
725.5939827825995
650.9784496741453
637.7968369076476
528.4351892283432
832.7293632031556
637.4177918760648
925.6183249366934
802.9976341608354
981.748762697861
838.7354859810401
712.3255957579033
818.5385715715963
564.8621691746409
988.7153654678871
978.3981504406011
550.782157885742
549.7181086346869
694.1630161771066
895.6441156856368
810.2121554815637
632.8015279012411
561.7656594963183
995.3134101744189
723.3573355713567
739.0919787830699
922.8846392610537
871.6606186885929
897.9111479696453
508.0557569414128
523.1232675801558
714.7275908320937
846.5932299159567
767.4997779254223
620.3232823676769
954.9540986337804
572.2138310791479
525.3308007735833
671.9907841829182
586.5786234831118
543.2636951047452
776.5409503087553
827.1209129844501
509.9692573374989
819.8109691066641
680.0258506126204
597.6052240006132
948.833881441178
804.9837710750912
937.0475707265293
965.0925525966902
544.0746764878672
701.5851110606229
803.9523670453125
909.937907851999
759.8953919711882
636.4030841094586
542.0129126199131
922.3424614688163
986.3601452497576
926.5802397244729
951.3391732402335
580.0878183087855
920.1023991569648
851.7075951117606
643.6980375032338
821.0366720198198
959.3488354394856
883.4742152929603
809.6821207160226
707.0460567971327
554.5306251554402
726.4939213479051
922.0477065359632
730.2894787305295
567.991663731702
815.8009869930997
615.9036352870684
923.6893511680325
695.6719541839232
960.6900194350799
693.6327305657733
734.0532765886763
895.2199162536328
677.8276902784927
959.8928991905982
828.2072289549523
777.3482402701752
733.0400259115211
537.6765744517123
521.0494759554848
854.3459782496018
767.2820583760687
860.7611084786246
902.7387295692133
872.0447137550645
752.5581416224909
889.1705113388297
816.0026332612008
968.2489397418578
749.2183312849313
814.0925697952531
891.4939394844231
931.068771523822
631.8086840003148
800.0840556682851
721.1515894031361
888.5203960023207
950.4856564437023
517.5258167471927
775.7105214354997
967.4680237870359
832.0851123105786
602.924226758118
684.0221424050833
580.2795657871259
732.3612829691211
505.90723957256705
714.3252401454675
783.766705617415
558.5299124581878
830.3947400978664
812.7312229071067
588.2861697289266
604.8069208228353
746.7124428253015
536.6841267025405
975.6649881225081
890.1093757916756
733.0366882333775
941.9924246765224
788.0558949583726
595.6727069070263
675.4332893402488
723.5064534351234
666.0233599075448
984.0985594321281
505.5730254852509
653.0549072139173
875.9153016771866
827.507306842812
851.5609391837204
760.6481152260469
971.7477875133989
889.4836847791614
623.3886007922839
551.56391670629
983.091683785225
807.2547640828157
698.519926289476
575.679484770516
810.4885726664584
974.1090820338061
752.7547159952105
726.9218701039564
703.8952136577548
879.8487560634502
943.2238524545296
901.9677547357369
713.2787854314765
985.2660876242539
531.3804529904809
591.7430195643021
635.8575923616185
634.0899796403005
594.5490762389876
505.7165152485434
819.9565575431708
846.2847734258532
698.5576315309683
808.3779523033825
676.2127017116136
575.1889154360066
756.3864978616715
993.6890045812053
507.6968294144896
616.0994725297783
790.0412789857924
631.5129850621586
525.5283832775592
811.1775861940991
612.6770930192561
530.7048889704341
967.2655604120623
956.6222924907536
798.7458291255289
994.3327462712303
845.0512906050328
974.8487038031807
561.7313425709715
821.3388978662158
693.7648234247819
961.5716647260094
764.0476566368322
869.6000184985
796.7865983596632
644.4245291025679
826.2757262258883
606.4632813105688
666.3767861305926
944.0329565688389
643.2535078113192
746.1130979528289
741.4277726834939
940.264769509116
524.1752048086391
805.7172715799196
791.1057869941586
866.4647555212161
867.1784965158873
861.7986272398813
864.360386362092
866.521935943386
604.209472647585
731.2599673282803
563.4340311383636
666.8041141051497
751.6104636950699
985.7749825923347
535.3831531225311
769.9736293178196
830.545661118364
776.5795323880193
828.494435626543
896.5333010862217
546.0428227546025
797.2356822351475
853.2613456548149
838.4269008806416
978.8207645503688
717.7232449463706
706.9653793837233
699.4272622505785
585.1882107633226
823.165189481475
749.7527578224897
660.9388511369192
956.4058028284715
549.0306926498622
751.2049673001535
627.532440216022
639.6382680345672
980.9398733537488
895.0085045878188
632.037083337711
747.8430046650267
877.8173652293169
993.6500836578875
636.0325265369149
532.5291278483053
598.0689556890724
935.2669460007495
531.5814125574987
583.1747653569544
843.0348423856863
743.9794261656823
638.6974545797841
530.7530824287057
639.8560487082284
613.2388359880202
772.0647842067974
665.7700401989831
837.5993800220623
740.0783456479892
680.598420664818
885.0893151339126
637.602336035046
826.2941430901726
799.132562191953
752.1978193259222
669.21633516235
928.8998052196106
625.345128138289
512.3872993461756
922.6847189417961
759.2147061342513
711.2291753160123
755.9742862656949
652.6591028594611
933.4590176853499
944.5016676010395
535.3311017581667
717.9601269407285
646.0512174791643
792.8043294898014
642.3131169244994
569.37399478205
515.6378831033891
871.8764586104243
798.453671861746
992.6990416473095
578.4273077996135
913.0169891229543
802.4483087718831
853.6987628386142
810.588559896543
940.1792647646879
554.3037185420075
586.8656533248089
704.5450869389804
726.3771386368064
631.8465664810731
819.1985889764919
746.8588606134949
758.6814102634858
546.4513451656953
772.1665927334054
808.0602137270189
956.0897457217791
535.3769151063016
830.1472430220665
967.599083343594
806.1380450226941
846.719879217373
691.2160078495612
899.9179892109263
526.8049849395208
839.0366116873893
661.6541008337308
795.2649913041807
965.1286725398543
981.6149590217665
547.9435611796032
719.0641718275874
992.32508841707
718.4874205422968
780.9206281864007
509.2716211006125
575.1389193097627
637.1191994521278
958.1400777308367
749.9904858896454
933.8706526053321
653.8535654961781
650.2220868350098
792.6696159732576
794.5642536508064
719.0369666591324
620.124092803477
533.8632169097584
689.1234361940936
872.5375346644066
766.1062998894686
845.8148852592763
833.6726131363175
833.2598801016875
743.4487166611311
670.7500362398862
935.7732867436741
909.3134033581803
647.5013525066386
908.1007490119969
959.4898405830857
587.0772569280897
570.3948305741313
921.1228118321985
715.1444198247011
839.8229797291001
744.7693683264168
848.0602213890854
963.6554507510518
611.942573604835
832.1022771551753
767.7183338272364
913.0547888337252
752.6111636431351
506.88890271964664
880.6697178965038
949.093211933141
676.0802867949719
676.5188698589719
916.8315103460416
780.1988902383545
674.7471060109111
864.8309839142455
619.8095266484268
640.6671790250479
846.5166373298918
850.4101571843871
867.5520428071242
936.8524853616759
945.4641002577949
692.901617343385
734.2903107230641
727.0179808787109
583.1946616167986
526.6121430108509
662.1794059544749
659.0162679062311
864.6126986486947
939.2870921724266
653.8595853638202
584.671143607047
685.2709668793323
819.462736254947
878.8533135086841
762.0622838973468
855.1456712346521
742.0138937537145
814.0390334084459
677.9583002029049
803.4035411044076
784.4670449174757
949.7328983409303
575.2742959397817
685.0053483799022
558.7278887119282
511.3125355029375
574.1768247532619
595.1191625937813
661.8194267182716
584.1427267907344
956.3801326162818
890.6852043802656
944.5783346081389
563.3142264839676
719.7719345773669
841.6245461614785
596.2471360298197
961.5173258654896
710.6813373275841
549.8012867830566
615.8586434486203
699.0672016642314
894.9935013853806
850.0227552974023
858.7679997400919
586.507582135692
537.3114810772513
531.4568914911242
983.7743134625728
628.737971960048
954.9672849995181
904.4011615461286
784.4875225651161
655.5246987067276
514.1668729681134
825.009850059009
892.2383511764237
880.5085281180527
914.1757511890987
959.1591634837106
988.2075372474837
774.395262422686
833.8329739332901
853.8344100887764
723.1410006523022
751.6630251261435
870.2250208425504
904.7993426235294
894.5530430732395
643.0945260265627
961.0092345341093
701.6839875813517
892.9205038088485
594.2943116177585
642.6632202427013
862.9654283711147
608.8209556108135
580.4104884334344
891.1291192787196
571.6445556658051
501.9795826731738
918.4526476161459
676.7004676264543
659.1737769670814
528.8333979893863
840.290336062156
723.992261295539
768.7116513636408
840.2337236870912
840.7879651802539
885.8476772339691
625.1476943763831
665.8762404804065
753.1672035197076
777.585481082479
778.7701945791459
826.1767366023032
577.8753478002211
708.2317510857902
616.1894129392633
890.9111157335897
894.8421948287792
928.641338251466
876.5780737333794
939.8384994088597
759.8531780645876
571.2142590943263
764.2786643141973
937.2053903341125
926.1339300799386
714.2988355114625
627.0541347398826
688.836606785416
834.5158645064208
842.2885845786357
913.7524248802312
525.8037501943309
562.5237202854152
998.7383690789795
791.7696911639955
905.8775520087833
979.8676550347365
713.8288489203985
519.4562085651778
620.2755186518243
555.4999758284687
540.5993250113788
700.0987737015923
743.0558182401217
895.2949714642131
669.2625517741848
786.7433026409612
564.8888195810376
839.6975616398045
750.2827393359651
764.2474624572322
906.9748574288847
906.9559654124706
827.6880786631873
559.3569443820851
910.4426052406275
709.7520834046679
932.3923699916693
944.819427122574
791.4318303287528
609.8764584139243
605.806225903034
756.9101271514667
790.1328929519168
952.5515832007287
979.4236230531928
778.6531009213279
798.2420618703275
650.8432533715144
999.0693313498712
773.8378717064613
535.1147820559447
915.5934351169938
734.5851642174185
670.4962006989639
771.7680030010663
747.951480815609
757.7932995522553
573.2701198552301
606.4284913944633
654.1248883111949
953.824419214249
891.9858947533426
964.4993396303908
657.3129493366855
645.5739039904987
651.7149794807867
661.9562764087482
809.1563659555112
977.2625341494711
729.5469792542632
835.2670372895711
634.4748898000666
634.6246734780383
873.7487083727067
756.6924200404835
884.242406439869
900.3168274066721
914.9022487768386
768.1001758623722
959.4195348699743
918.5359825103753
694.9044394992437
651.7988836899272
541.491767624249
826.0730489973079
920.3180750320362
949.7363439336804
880.5950283204547
621.2629158512667
720.58073919386
959.393172239994
832.2630604017795
979.0444838814483
892.561573808312
959.2129157797931
750.1936031977904
968.7847754385934
749.2298863089353
627.8221402456471
862.4909361869809
643.8257703540003
881.3412401528502
530.6908865915185
783.623790214474
696.488107324258
524.0429294260488
690.4801528831325
576.7777377539552
800.6566505609447
671.9413834846326
805.5821300630085
600.6420365531391
770.3821347377973
913.774612358161
982.7828690666154
714.6675414180775
976.7778178080102
960.1573303604098
936.5608963565228
856.1718494048735
901.1426965464912
988.2349433119023
984.1001261865365
759.1276226661901
524.2952747378622
946.5861088475256
650.9458523009376
616.3502111318014
810.2098974623559
688.0840322734545
956.8476187804008
716.1926480514244
600.1500408090149
869.7050945436625
946.6444393774492
871.5568579026683
649.7296456817315
686.4913269828592
819.8027643394255
683.1264631706824
552.7141510832778
940.6781694903486
812.1638061252532
939.4098097170252
991.3794821173684
526.7739731739407
796.4419412904292
812.7274760540072
551.7029009170167
955.5851527944326
940.0154993709771
941.4869851023761
894.8184296334932
818.5003073487128
813.5066155605166
799.9101959334087
810.5103581072619
610.5039047593713
650.5598606193545
743.5166672854218
700.1607912248421
701.562554011749
907.4490747766156
646.1703872864293
892.2762308072946
583.7729709539778
638.531948725514
774.4095171940669
877.5222501427747
871.290915518387
687.3359270523176
598.1381502755552
576.863405936036
798.9525867933886
805.218306807503
530.3132773138076
989.4446264053786
874.8908266625174
651.6322578859321
931.5646350376369
671.5853492449518
775.5157914085592
979.513758416072
536.9457095166347
603.3156493062987
536.8869220398404
991.4507742643918
949.4754912347255
981.6440231732087
639.1773050532555
530.2340770115464
895.8253280631345
676.8055584505279
620.0855905356084
917.2215961307077
805.8016177180834
942.3454174445293
587.1278224583899
933.3909265372072
662.896351797476
638.0565237481708
977.456269072685
906.0303565861773
877.1703219170573
627.8521708377006
746.9003834367629
605.3026495697011
676.8830074930261
530.5325750686106
893.8022194727389
698.8373761654697
615.9575725249371
707.1354583585115
635.8662659229656
510.0154510923618
848.6340816104268
632.1348024011995
870.264671904765
892.4787760996394
588.3726465821592
544.1687708606613
781.4856049407687
664.2499751325231
674.1228301287628
941.5512504272306
995.436434162141
561.3689081821431
803.1413123602474
629.6796627311006
613.5803154413528
921.4192175779474
675.7512276653301
628.2613093681092
836.0688161028056
992.9113473880054
901.7123356260142
950.2879594845606
919.7903879482313
792.3333951271281
781.2262010330498
562.8366438150244
543.4283424786955
650.9733577240743
993.6275752675367
831.337140996774
837.1813194500653
528.661370156428
521.7809933838812
609.8968013251243
543.2129985596628
939.9532436865875
518.7418171891944
972.3315905869524
932.1376405857122
653.7245300027316
669.4598544696487
537.801723019292
905.9179905702739
860.7168355006056
810.4768184673921
815.8120645413521
695.9762173793938
712.6184646105573
882.9730311515825
685.5318940293749
964.9464626683239
943.7463216526899
711.9275488931405
571.1340913648692
709.3881860843353
572.1974584296818
738.4516819600548
971.6101894087332
593.5399977504169
838.5034067142136
786.4008129674107
850.698803259399
600.3300050569179
950.1200699587903
506.47512940891113
921.6067322113213
602.3056261823077
584.5623613268394
962.2547860334237
788.8389057565672
566.0346774780521
678.1851785049594
756.3681636341548
543.7699133973064
563.0111689471546
612.9108787715347
981.6174731578069
805.6978244266315
856.2042468346773
785.3246699842084
655.38006090518
523.0149871177618
668.5890623348046
568.9799765608436
800.3234846565673
690.0278307212917
714.196818524307
751.8119680649174
864.9912221169085
653.8204334248389
864.9283115551409
753.5441814292599
747.7530060219144
638.8053776385607
877.9873404297962
641.1488013801954
656.5663858177238
883.3334203529512
806.6785307872947
545.4750487047277
648.7170861606558
920.9887536939773
766.4189925830985
694.3663240511173
900.6190394487573
715.2084126653119
543.7194145696722
662.2617360094774
891.4453136849316
524.3805752542183
531.5783298661867
571.5815532129246
898.1111191258774
727.0978318396151
501.2426660086079
524.114003920275
866.5427665368177
829.3169940056054
794.1002053680836
646.5403796999187
635.9728566850986
816.8211555139507
767.0082227400057
942.6739507641757
779.2698145870108
735.6407173473904
899.2300058634544
826.1642177101205
804.3780395307315
927.5562342673392
618.6664923193013
774.0932620736766
553.7513296517033
697.709384049514
975.9936561063143
503.0031945205194
749.2241555240819
758.7637730805632
963.7963092203961
683.3539755158141
595.3911998830308
555.129566504656
511.5670953512158
910.6129350833601
771.9877411123966
564.7189034070642
713.4338282957123
720.1309015748707
583.9942230497045
556.7226687907367
713.797131731073
573.1735123424172
668.4294750476616
954.1418639458834
760.4467001461229
631.9356122621432
906.0999218779602
770.5168769600118
774.8367213468541
622.467902177479
957.4371016665152
779.5894703160334
891.9884255874733
524.826274163993
942.6561170346654
937.1074439613883
608.07520811343
909.9502754690934
818.2502095007119
783.169631874725
715.6390388302598
805.8872309275505
803.9787739974679
996.4301468892693
765.6388461769493
531.9473785474883
865.8193887576659
549.6319376495933
755.470159829755
685.566904433906
807.5933633879165
991.5443691907508
830.1754571781738
684.9799919189331
926.5197058905121
756.4761854047206
783.4990775380977
518.6036104966994
540.2398514690738
679.0936282385677
622.5580499455368
705.2277120824009
803.7570156400085
725.6125873738101
736.9424956624428
787.0733348318411
957.0747039444228
701.20649251555
615.3706156649042
512.3425759391441
587.0867321739079
647.4774194565155
705.3661596704019
532.3665828397376
538.8523061848601
853.2453089937014
752.1490699293381
808.3696502077566
673.7524405290374
960.7185929663046
694.0503362708021
542.1179133898402
540.2308663097004
751.6540317714719
872.8133038148496
776.6934297606091
542.9209884127253
805.607261875783
604.7579497243668
734.1789662456388
893.8396245087822
752.3491123514729
968.8627619031022
746.3626663754895
708.8826963835187
652.1427310180637
566.2594634720672
652.2994743239526
852.4742107484819
714.0720718393327
754.4247449684111
534.1477734685724
905.2066843782408
921.4020725803714
561.6241572191263
640.1412840191565
772.0999003217651
869.9026968645608
776.6131530622613
560.8710667915668
802.6612403343685
529.6589906732992
760.3900791768026
693.757991797808
984.4217357904198
862.1041918142821
730.951799638507
611.465729586436
575.1233941599928
664.2794782666003
748.6824049431457
916.2803405803904
820.2115110567254
849.0193144239282
818.4089176078248
810.4968699373443
825.5094939849248
781.401059176279
939.7370718508951
