5746.9512610912525
5798.734347213898
5989.720306324975
5703.966462941399
5452.727139082901
5860.266297843191
5071.824371778383
5625.158705006303
5258.593972450958
5917.007582984044
5382.520313033427
5930.970348688642
5252.1169775521485
5906.571922140003
5284.1084800509
5200.134700162829
5147.926914534431
5331.347352921054
5448.568929332197
5308.027871275998
5963.776288753423
5247.193102186668
5890.479615906397
5191.929312056648
5963.899196123908
5796.460909780734
5620.0909317011765
5840.651038563918
5682.942666801495
5033.895974652646
5318.263763755917
5196.22069783299
5226.456871293504
5889.523930736034
5771.592975490018
5788.067233936561
5188.379827909211
5879.138521287098
5165.673491827254
5714.117508611224
5337.41024253758
5442.85844848824
5929.920921766647
5466.910389531488
5992.70458192398
5148.194615226882
5138.176519282628
5472.369964045195
5185.393393905543
5236.603467777355
5400.8251988786515
5517.558615862859
5619.924942936097
5599.222069307359
5031.949198843626
5163.135723727913
5797.646572451107
5283.706731057646
5590.604726768753
5974.539137973541
5016.507526063722
5882.98695631788
5897.746467864656
5498.08426486033
5152.6379392735535
5406.352710788499
5201.110817390102
5240.592079741326
5978.430517475587
5255.73704534005
5001.555852797154
5168.987135596356
5202.57215281521
5946.066963112649
5360.767985508828
5711.790763011276
5301.416806932515
5596.031660410324
5927.347058280999
5381.659095174303
5722.400949196741
5770.052491305755
5144.072356180265
5480.503208867586
5839.431568131836
5630.13851425314
5189.849192170491
5462.001598989078
5518.606433644152
5407.05509315553
5746.534867993655
5551.546320500084
5146.090247018682
5599.256935617432
5856.558835386137
5258.212656200184
5584.043430351451
5289.5063362420115
5999.8001684615
5164.231725763559
5777.318310156053
5341.156268427644
5660.936632779385
5336.840321244159
5227.98745256872
5998.259157025221
5173.158090546723
5546.395662430459
5143.314717555253
5073.473563036392
5823.862070057009
5462.410825296782
5024.530951155245
5975.221536928886
5040.811451438066
5053.535753842521
5986.668489808054
5662.5483192001975
5910.56799923965
5386.030568987947
5792.6902049880055
5969.2409621826055
5955.890894921016
5401.493834876308
5708.852051725089
5527.43715908447
5577.324344848796
5831.916392453933
5565.1344032335655
5362.242816947743
5435.227457886901
5477.8183805959525
5985.794244097372
5619.937230776241
5984.295057463179
5024.6966604929485
5104.721855823721
5005.9464046032435
5620.495229325088
5916.631403911915
5535.448853428938
5384.74863969612
5072.977364929319
5595.995660413332
5047.723463507486
5539.48422641439
5115.102642895275
5976.147983342464
5647.1723359278185
5893.561006225698
5592.5241192146
5814.470703361645
5068.8614382866635
5678.138207000265
5436.936326393636
5961.7043654113495
5122.87358066614
5277.042009287751
5424.866127020754
5300.1152302638
5921.876998314543
5795.3680515175065
5703.651959966346
5350.28469308178
5131.759736405589
5488.781997151538
5373.657767857747
5734.136945377154
5317.82963767903
5225.893051628854
5074.575127247389
5043.18068126092
5644.32536634755
5366.504052068392
5231.397881202206
5680.123053650049
5845.464048084777
5109.99292686676
5862.457480891565
5535.946310359486
5546.110922036899
5909.673581186385
5202.749403472234
5420.431681277144
5769.728836139896
5226.812519559137
5611.999284873047
5841.259585985734
5746.487242338131
5956.937037031739
5454.692055508317
5882.057336523614
5331.839627166539
5863.402103925777
5995.817257706177
5577.5688617220385
5873.349244053159
5640.872705666301
5062.192570623736
5907.717737160878
5900.731515630745
5124.94596375226
5355.188328101008
5464.117850435563
5217.57887209764
5882.968981203435
5565.347041477586
5682.536487565048
5781.975207857123
5399.70373023652
5251.780780387339
5306.196720300198
5834.521994916304
5942.598962002328
5966.837180099705
5318.898974375679
5810.266134053414
5660.455401224181
5264.908853754272
5644.674527645823
5783.517322055901
5198.276097229687
5291.537291819662
5755.057285452235
5914.361362620608
5793.626560329165
5725.310312706111
5446.347549010256
5042.936558201584
5268.526280634769
5758.76491123357
5193.679679737383
5226.0020778991475
5602.958499156019
5879.008548864714
5889.313543068802
5611.34678301124
5591.103488116993
5409.573252602397
5447.959887043622
5679.74907109549
5660.227764436871
5488.515152624977
5898.96075844389
5998.580341965371
5165.123712509658
5793.070819042926
5703.845991436512
5198.038700084622
5777.009701306049
5578.177051854138
5066.745493798847
5921.981628875799
5753.296776897778
5089.539593262583
5742.756098281177
5963.842520529507
5757.099252966831
5301.777276184825
5171.231001753377
5750.542945584392
5464.379858427459
5542.724919728682
5966.14474487536
5217.480339207481
5439.655870644675
5996.6365961980855
5647.463594037492
5687.842192215007
5514.235138442919
5053.51113800421
5711.668530726412
5391.835684563725
5100.277773353134
5594.960629272575
5499.311105966168
5607.5204204251695
5113.698467838426
5130.47565862717
5064.2846967571295
5051.150073580814
5980.645646575242
5632.358212874273
5099.131971945823
5187.6494520428405
5021.92691270524
5613.7265752181165
5171.2868641907535
5274.455303107312
5676.060183669041
5358.807791453407
5447.741822443471
5948.902022416924
5138.212838329123
5360.351221138734
5172.715546981829
5151.21611002576
5975.646546044553
5995.483250468735
5412.603270215921
5877.699958354243
5164.864038226457
5959.967951496227
5929.117760772651
5545.009062293933
5723.029200134473
5865.772486223868
5478.004999442668
5459.822822249479
5230.628213856208
5652.029283874725
5925.541588382407
5058.697034078107
5230.390437648674
5745.296312448008
5504.660956089288
5578.866312197764
5200.506869427765
5918.164904096293
5695.826652601933
5161.170248930251
5225.054598166608
5197.882233668896
5498.683814179832
5464.185419878307
5468.121854900937
5594.127994851995
5678.492680112406
5229.169239984775
5047.095140054796
5692.362951806058
5710.2871753303025
5330.238261236711
5642.116637822999
5104.123917776327
5616.770625477764
5274.468451369304
5543.069436282105
5342.457795408439
5810.493268790005
5445.915069307186
5256.452764170749
5063.637814086092
5455.146304821307
5445.023153411927
5446.490116358306
5954.629563454502
5793.033342930266
5197.682728615338
5988.132456167262
5376.435137969451
5800.219667828162
5409.476209433784
5750.881388975364
5208.956254917583
5435.998872472819
5759.27451727102
5034.22842777416
5891.020136348628
5961.353561920854
5763.808533721514
5046.4636999540035
5851.4370999527455
5024.083298289938
5382.806596887659
5650.9495172318
5260.200675764013
5220.693528857164
5498.869313713459
5681.954100310413
5895.637461660138
5834.6846064316305
5372.963418336114
5210.105266307752
5028.069918043228
5484.757992328538
5746.04060396871
5268.872719616659
5589.697728463568
5984.00214083847
5488.969079366213
5470.367316940637
5611.172803449263
5267.2306672623845
5973.130476380047
5231.2185702141205
5374.874585622921
5945.936998892975
5560.579440021709
5987.322693271326
5119.379710324876
5185.584826085594
5060.831309707874
5027.819058765751
5704.232749617668
5638.164764594137
5264.169641542105
5240.616393399569
5712.402664706666
5524.290024386002
5352.191089017497
5861.0817906737775
5297.66327264145
5014.325821680495
5419.818068718497
5147.167218935276
5919.518182421325
5496.724112891352
5340.638393097919
5867.742502463578
5477.4742149763
5595.705152517813
5198.105954146483
5963.55188048592
5917.741472122327
5837.671569869333
5532.451449430555
5586.128618119033
5440.309593171693
5002.269383015543
5632.504860910431
5298.599484734228
5587.673857173289
5952.242525265319
5091.942616169851
5344.684572801135
5168.58860401181
5662.791513099636
5834.356037412467
5964.118478944103
5896.178455893676
5755.706122644063
5764.082115923911
5004.243093447681
5101.080037641004
5529.432541053794
5983.709314957791
5690.446846624697
5404.969798470603
5558.943254519928
5142.186015358099
5434.150460937212
5721.159512403855
5240.0562453480425
5070.260650909891
5542.124769998183
5383.3600815992895
5489.125416423918
5716.808883178501
5208.316036545664
5693.427864922189
5481.0606668169485
5824.436140281077
5277.421007445407
5215.575769105876
5234.20969624633
5630.49048592627
5685.128959772631
5480.7653585014705
5841.026645697882
5598.083575069521
5075.581234117084
5280.65040053831
5894.127102652876
5813.432464563433
5991.354206187862
5348.360503238873
5617.0305267292815
5204.94378594681
5869.681999743309
5014.140946831774
5535.697614102156
5037.680228013105
5678.97256983029
5880.452258466713
5652.235527685318
5474.038933245575
5926.124346519642
5861.32534205264
5594.174073964241
5675.687550664165
5315.581040845038
5597.2980568035055
5250.422173557258
5599.325229160708
5775.990773544767
5228.529089411413
5875.216789348316
5529.3378268449205
5656.897611970505
5446.021346325627
5644.348186126566
5478.585304448254
5596.130971132776
5162.687247799892
5576.711775600295
5098.1785892979215
5833.036701112328
5887.339789396943
5628.111465794636
5799.290348569596
5620.090058352898
5302.210523581953
5241.963634742814
5352.651137718943
5449.536021979204
5529.810260492497
5235.195231458631
5193.231462185202
5885.612446181573
5250.8259844876975
5691.1635763221575
5328.529747845687
5539.708567496063
5278.929613296117
5095.266798384097
5940.276964679741
5277.471832096227
5492.417738032392
5186.476451238245
5268.661736276088
5719.5744593351465
5588.67922819438
5904.840841236223
5949.787555056288
5018.053789229991
5260.728378713651
5618.557027025877
5579.334250355841
5237.486662699105
5785.980455216143
5314.58113454864
5142.274124197632
5365.913525316169
5390.908007858702
5570.471532056684
5461.925275650144
5978.570442760824
5161.640724223148
5932.453728564451
5238.352119786012
5054.101471384409
5728.587862741902
5476.551285607496
5297.936134162803
5909.504106269134
5856.010100853369
5428.78597095697
5165.146609224318
5000.112399761665
5148.069113644722
5702.21366558749
5472.515395584769
5169.558019989315
5311.625242261575
5882.63658710309
5231.079987027159
5307.660034013407
5538.094976461815
5095.239578457626
5560.43925367941
5646.221024512204
5121.072172456243
5857.827525209841
5148.943472165399
5842.776481791655
5472.50190405904
5174.373889464886
5997.382060573569
5908.447535398239
5767.46295904599
5436.2727377031915
5412.410052872929
5523.933427293685
5541.6772540062375
5835.415110621348
5295.519397390626
5669.125184082386
5686.74532421064
5199.995250276958
5253.311977120238
5378.348109367038
5178.839967072654
5760.826649387123
5653.693432082044
5993.943955896633
5692.859061982536
5193.428546016431
5593.981651665589
5891.325224765602
5173.938614840616
5686.126630094178
5602.650088455477
5881.234100044194
5087.192542414113
5420.11095088681
5123.731161917407
5202.36743726354
5998.890642361937
5842.557957617009
5170.065956671615
5945.978898706412
5166.966701752984
5713.340831272479
5973.584667658444
5836.5324429299435
5297.773623018643
5495.576323144762
5207.688670690981
5180.660128108012
5238.1567110526075
5806.621890759528
5495.65743469735
5501.993291270064
5908.685243285079
5308.12237650198
5391.5229265464895
5170.9053710963
5720.899338600437
5641.070465851156
5754.913462859581
5860.433271998467
5768.545879595381
5353.270132402893
5927.583210478162
5891.073473657711
5983.750988905218
5688.287101107308
5188.912214789534
5518.475349772442
5318.977178409104
5705.943691033957
5955.506418514512
5324.6088637132725
5719.814176238244
5065.191647355254
5478.504275585483
5736.77271629147
5882.674469858663
5840.3467437051
5255.883934606418
5942.382130049686
5665.6733412851445
5121.779634194736
5479.107701011365
5973.609850982601
5664.464636706221
5436.487571737804
5918.144579827911
5192.87936992638
5867.42996629585
5573.656601405235
5292.52848736641
5290.908258807962
5602.831389145003
5324.968607107549
5152.176346085397
5525.48205522454
5139.380203270087
5845.323159897755
5735.710950387951
5018.594313234068
5500.101111045775
5965.893823752659
5354.799764807497
5230.669026255132
5130.166321950615
5843.594310754989
5952.227627159962
5154.716005506235
5166.468652047019
5775.331370543094
5421.889043675057
5292.145296761605
5130.087316950167
5238.692477199519
5812.970089093622
5071.80557393792
5672.925787095879
5145.145651171016
5540.571721683832
5720.63425189347
5599.927711072992
5976.307629658752
5242.962796696032
5717.661880766609
5195.648839497449
5798.505082054524
5137.398397572029
5964.4360672612365
5774.589166474354
5613.722625135049
5511.409383398221
5569.06426359518
5015.988255342807
5611.1415157486
5726.853247635134
5838.141451265171
5527.097775653796
5080.418231937097
5101.977376718816
5539.903136009677
5449.162778943051
5207.033018101277
5059.567843431415
5013.214410362076
5729.140430146609
5919.511875308404
5361.487322621972
5977.774052579297
5961.709243477709
5476.158983930451
5184.863765753978
5085.204780884569
5988.37388297935
5461.329719284044
5233.95743482526
5530.436467652937
5767.487844926263
5146.701398907754
5771.9602233544865
5083.232288455274
5358.69105961731
5450.771590464879
5453.036449567709
5092.4383113138965
5994.092584746783
5588.370866228785
5261.944712709874
5566.415758562291
5231.8372273226705
5276.61187729335
5331.596552821631
5396.057226384005
5093.406487579946
5226.09075219271
5319.013994759498
5510.737378751702
5593.331133395174
5315.279421269348
5528.255482606934
5554.157829299025
5977.977768492353
5939.610012362205
5888.678705753756
5539.562332928679
5907.785056690172
5991.715252714857
5116.641757298088
5560.3574244531055
5912.1560659463785
5771.759342136624
5116.300740707897
5454.22876128225
5267.496281598163
5065.665407607682
5506.2238147244925
5057.385858889827
5373.626396997589
5003.1219545105
5055.860610714904
5567.852545937943
5393.19727199831
5214.246055922014
5902.360491961187
5306.12065930846
5922.361748745469
5613.396705565241
5979.822594621147
5360.998868815962
5383.822216760183
5696.635341192101
5242.397230428815
5802.183077387658
5137.854355026116
5120.195201593855
5528.290767705507
5622.32768891571
5230.694124003977
5012.677208779018
5776.44761708639
5249.170138541387
5388.342577584232
5663.9504764588455
5357.93821989138
5305.6387344810455
5640.567857493915
5266.7609506808
5730.652254322853
5612.203152051633
5412.84633327202
5851.305800246706
5924.050873513437
5010.547152569479
5392.1985877046955
5422.096392934072
5244.019124281023
5463.935100704754
5595.20961583036
5468.283736177242
5744.7475302357825
5347.5013941087145
5940.959484517375
5960.3724495885035
5974.265441260794
5551.363374773421
5653.178936406132
5978.92284533283
5952.532143920295
5242.530921997718
5085.462958543246
5390.882171911732
5378.721804410111
5490.2615065443515
5815.513389848184
5526.482350168961
5303.138033175699
5102.47719688565
5007.25666267429
5851.598760570153
5300.058126928779
5626.441631406873
5333.755178405803
5589.757176001711
5611.4799768444145
5038.604509187658
5012.311426731041
5119.791555506179
5921.29607691764
5216.663661505738
5025.892655265081
5500.100236738508
5530.587198317382
5666.444115732637
5338.376073330964
5255.234648107881
5998.481495388057
5687.716182177985
5465.990538699749
5390.669344795206
5549.116064742475
5570.809554734602
5970.995463975528
5227.974498935718
5017.338070783286
5166.057584245224
5826.173845620138
5493.323694159721
5391.985089616134
5509.7254080852645
5732.065242749255
5342.0115999377085
5416.12304957364
5177.711118148526
5853.833740731731
5348.750017506134
5644.70097218693
5627.581726207373
5033.744148137623
5132.988955993162
5230.129172017915
5827.661221175214
5318.9023365221865
5804.9947857277075
5502.262477429791
5729.639827972053
5078.601368906999
5517.436827683487
5188.382169442688
5264.41222932195
5966.682285166342
5655.534995045359
5021.976797605917
5682.484581020632
5180.046268758426
5794.890809061388
5521.809337692556
5434.637379531463
5577.403708876845
5035.495285050538
5168.180575896869
5018.588060779667
5467.346303174222
5862.224014287399
5676.861133359145
5822.490067286949
5241.187345459359
5578.066538622696
5239.476126188964
5056.2443514150245
5731.88796135602
5871.859948118802
5869.766653146988
5064.828383377842
5863.311948816845
5407.917061058237
5493.692588238881
5020.382647238051
5488.566986141896
5775.378167568945
5214.48187257994
5186.3700921426835
5281.801960201967
5703.124816573152
5455.839252635847
5886.1730430010075
5046.966752588089
5178.365978418593
5086.2774712976925
5213.891436072625
5497.277421393311
5474.9749324744935
5728.709336073936
5990.6968584553015
5939.658724926741
5642.065760594951
5105.297650702818
5096.689934825506
5151.686691295302
5010.367430273855
5669.40544638983
5267.978688495986
5874.87307269423
5060.099132048211
5113.812381761271
5525.664085835442
5854.103639214792
5348.548643781391
5148.408909323882
5865.526822569873
5771.231534907978
5172.068263149894
5108.275177698275
5600.953708128894
5457.215331874019
5925.902583377582
5462.4139754866355
5861.59548896188
5260.486345503012
5308.255162073397
5371.652904346986
5064.25749528998
5256.977600922631
5734.142550037473
5541.67518705029
5462.288737081289
5475.763201767618
5595.784118458777
5687.623960071833
5135.587488491217
5464.553890606642
5066.12831123587
5032.690658870866
5391.564761627859
5914.875506948096
5830.834790766231
5889.591205580395
5889.5871396577395
5709.6943219904615
5466.447960590121
5487.299270770917
5539.39883815054
5202.998212139805
5308.154801598757
5892.838138139007
5222.743098962274
5610.92656347889
5711.495758921428
5645.342843318965
5537.731994439195
5342.613608466587
5015.101321720168
5948.471442840707
5549.007269073893
5171.017051828223
5691.283305151717
5212.211859220389
5764.272865046195
5850.2814436891385
5988.723818560401
5820.747015309276
5801.894418513979
5799.066754095181
5818.372667835526
5923.2800295199
5376.2987309715345
5536.243185888841
5284.532371801242
5831.789482571551
5094.999731397789
5988.841323669804
5559.083944030757
5664.18178337084
5077.17706977825
5440.921568422196
5598.337801816829
5257.2102734040345
5749.543285177336
5906.94086604885
5115.051427677027
5485.62871750782
5272.02189458015
5707.29210253441
5487.824339445171
5293.125306251988
5822.686288516964
5926.432365239401
5234.441016432687
5727.56401698061
5854.586259972258
5881.800089390555
5820.176499011407
5821.204290644189
5070.178264016879
5660.915461575308
5309.700140255087
5027.490195024702
5568.154672450741
5396.305484093149
5224.308977599693
5473.650570921315
5963.217757046743
5521.296899192969
5032.539446566698
5626.70146175663
5375.851942370278
5493.088629391393
5373.655087791828
5896.490681851198
5267.955823424129
5415.580014471158
5937.130221040334
5211.868117402651
5352.501782125407
5576.4184063900675
5394.06684542463
5843.685716134016
5794.081556261236
5544.420149564613
5781.760309537229
5506.68765509992
5916.186427399415
5979.46334646185
5304.60881665847
5167.34151706515
5910.357656790631
5720.780118308515
5429.459240990674
5544.0091653834415
5839.462670800589
5667.187304143508
5158.568432375624
5249.808039900201
5310.889226634659
5546.135711876274
5417.063766934849
5607.840988130964
5329.3944536265635
5905.0221064260295
5195.674966409474
5635.974967861288
5427.726316780254
5654.676558006379
5604.336435152822
5922.368377732374
5072.894357041696
5185.696826438505
5071.438973698398
5154.13032059815
5141.366820861825
5005.538839692576
5965.61590861434
5692.8870407848835
5071.929160929603
5768.797311191842
5253.020201751569
5638.7789945126115
5421.700673950285
5733.006710231416
5975.978510044668
5193.714096560362
5881.853517070374
5387.668555553341
5780.636266564847
5365.123166558804
5569.726881351464
5408.801679813114
5424.601736214495
5148.424075180623
5281.28667186544
5718.227011378981
5586.263727016011
5311.531192166924
5610.150299318154
5695.40731335856
5366.1683184457615
5416.745358401421
5312.736640847132
5949.918608890488
5835.874045717986
5840.83462296649
5356.672695168767
5368.5845437118
5611.031181652427
5003.027272433492
5832.562871609556
5065.48867452149
5109.9127548264205
5603.654036630242
5087.936249386052
5566.1269273876205
5018.46383398195
5379.614774562111
5166.51742199018
5515.347947878015
5976.386380314572
5040.375007889205
5197.53224851177
5541.3315583674685
5728.737972681568
5471.799902930277
5021.83715958
5354.998884580164
5110.5456851083445
5226.118957428367
5003.995501092306
5178.4420284793405
5369.5849264210165
5969.623207327273
5445.176693291931
5704.079601894821
5828.504289028561
5311.479104282492
5922.2336924763495
5756.801508423853
5786.642993977937
5940.278036719565
5441.900895584542
5020.220155693836
5293.698806266734
5103.409849502891
5367.498305679062
5979.453588701404
5525.830641351943
5052.616824328998
5102.392099338037
5842.879471833694
5401.625199076823
5418.24111723057
5547.061368138124
5448.532015013126
5898.51240113168
5381.026099419756
5907.805641962238
5047.655912285555
5359.632501282226
5732.92670508978
5698.288132401643
5765.28787881088
5625.701309326148
5671.866176609712
5241.402692137444
5243.916512196935
5917.698098981667
5437.185213261606
5811.317970980287
5314.42171402755
5337.591179524936
5155.244044505251
5190.207620243494
5735.535539536125
5221.769137546118
5281.1332179583915
5795.9005385836945
5552.133829263873
5010.419984421702
5522.424559821224
5415.887866127491
5495.548481156696
5216.538136832584
5187.136517108608
5765.756312933694
5019.407133373195
5871.647671105655
5682.408685609581
5039.749027848257
5213.2801541881545
5073.195028400731
5204.272850586084
5017.662130826551
5332.129317183361
5130.516937900122
5510.498747106172
5567.181502351597
5528.196857223939
5837.663645434566
5600.038704015407
5285.748937940312
5673.184574214637
5826.928547917108
5405.549050416231
5912.178795157245
5064.831062153788
5021.318224790502
5446.832936698702
5264.433299581489
5343.112265502547
5091.2014735112
5125.955905938117
5704.928305196733
5896.654203087723
5360.013120031259
5454.541413299145
5444.4403150480175
5994.29003716083
5101.132449381916
5663.668174571563
5224.5172241008
5263.621191365492
5940.677099842363
5705.334055996761
5154.697908441801
5767.052144479377
5379.308708153833
5418.6708174191635
5889.314038805564
5476.037890605131
5842.74014208493
5030.341572607263
5237.228011527558
5226.714858743265
5883.846869037959
5202.734441102794
5283.541414527488
5799.783678536562
5505.694139192004
5964.385605109986
5655.211522542254
5412.878576652686
5866.002128799425
5843.78824273164
5554.018757481412
5267.279297796631
5170.410717966744
5436.875504632727
5889.844836979841
5567.241840122553
5396.055170047248
5875.686758470867
5305.758044515964
5510.8664727767355
5944.519219694605
5747.105771028219
5399.190118677283
5232.38851207604
5621.491076215469
5708.398904151822
5307.719273247668
5752.224400793853
5651.000989213478
5621.968573094944
5879.682937643646
5796.158467849464
5605.393387716624
5471.712956758596
5122.972512186734
5862.3943337395585
5117.760719038723
5555.7198462242295
5484.9850007512905
5949.268730111625
5891.979419570241
5183.7819163921795
5629.264106312158
5059.476262119079
5020.612528290862
5050.1243519222835
5261.897408422045
5699.661104066031
5701.290245696436
5496.8642669397
5316.703312874163
5444.962684413089
5500.520518327894
5484.508398326294
5674.463102500073
5696.056693285758
5473.62655765773
5303.516275226395
5846.940732562394
5193.826137058608
5686.271345472785
5673.626375822633
5295.776199429059
5385.50733056991
5539.351698130611
5563.853400666131
5282.759472469606
5270.664496292915
5374.032112531359
5302.186730117543
5501.63276109204
5574.142144514919
5393.937022167206
5013.461857824073
5752.827490769676
5763.692910056478
5855.034549365004
5269.923478496863
5995.623827644359
5341.537656280914
5062.563048984715
5577.703125269046
5943.200947453599
5238.592652246216
5213.611809358025
5898.7000881301565
5384.554871917062
5161.92350230681
5245.085622937324
5139.062053710251
5800.284290578102
5864.593426950747
5626.70065457691
5157.8821881236845
5164.49314731556
5232.645546473555
5546.820207426084
5300.090566729906
5345.384077188675
5318.732500325195
5906.668398239477
5153.976055720663
5102.45072919675
5792.017123346338
5944.827609456738
5339.983303114137
5697.617036671659
5429.350213870997
5987.755183847986
5159.482021958286
5500.058174060429
5280.298367605289
5748.889971544248
5099.014271234968
5833.32699402175
5669.745981756638
5528.571367288407
5207.517479494011
5814.057401643889
5722.007949679526
5338.963174147526
5067.332232523768
5231.905643626857
5155.3574504705475
5638.65006065263
5445.658969988025
5580.5107163417
5891.460355916262
5408.352730953197
5152.15551599991
5614.205581968646
5972.851121133716
5053.646465169155
5936.695568791959
5781.683588629461
5762.910243187098
5041.262655869957
5037.636153559031
5253.127813856916
5886.245961280714
5481.314310727474
5368.414444050226
5924.2728755679145
5598.464003969051
5501.384418227176
5080.50325345557
5389.436012551567
5013.3738811026515
5199.277015826873
5606.691547627011
5915.729173990399
5451.232512204665
5477.588081304665
5537.600096266098
5205.613645559813
5032.146716184337
5406.280846762407
5977.109657087491
5561.606999561107
5203.031577624021
5732.531900933588
5038.161391030339
5223.972385616908
5056.880448274793
5605.793994314624
5313.074020590476
5851.931055950355
5041.438721431825
5039.4741816300175
5419.59643154907
5060.652157924281
5067.9796620671805
5314.66696169847
5573.41687481304
5587.065096774962
5506.223662399327
5324.068647326338
5131.056234428328
5275.015576456592
5946.629645130168
5381.012252838615
5799.504891596534
5707.039578459078
5048.403542293935
5184.483880441833
5422.443349920953
5482.225395956014
5071.729491449824
5184.554658223354
5817.324077121885
5400.5399814704115
5265.616176097811
5833.344406608177
5080.716327462194
5515.687238184254
5683.889910905062
5809.675373767361
5955.866106452338
5604.723421301925
5476.464726276075
5950.735829022986
5403.521890534567
5303.8382197085475
5796.964265415006
5336.475351596996
5313.427952781515
5685.112702104105
5184.365722923583
5686.962979418479
5954.985778839923
5835.996520352612
5800.148701589725
5594.97895748951
5021.750844008612
5537.256909303052
5172.253844765794
5674.638232460761
5635.673791200785
5822.928781191384
5817.657388397469
5574.522750389897
5588.159423905428
5942.7149918223995
5220.490680758503
5611.350362203785
5389.974365725794
5987.722670293298
5713.096151451738
5761.6237862330745
5850.269037444032
5592.226430825061
5064.543736472189
5301.039589753642
5793.292577399117
5758.389247591296
5945.794152645972
5325.71996347874
5553.756502461343
5812.307592351479
5094.127388141097
5161.310904978291
5981.341402843172
5383.240136462926
5326.786640107468
5765.154634509025
5583.899122108926
5814.81347689995
5868.181772229264
5666.390646368332
5986.832604425522
5213.960392814531
5113.953191544111
5749.809529687563
5937.785919625943
5733.471388589424
5501.701620813937
5350.042428565486
5551.988565232284
5326.936231510429
5563.823960438203
5177.59703073839
5018.9321208875635
5897.363254063573
5919.074649668895
5620.164447889394
5985.5440733152955
5118.369808811415
5587.00701201644
5397.679868717382
5212.116516533945
5697.889992203198
5765.2258080738975
5324.746836753628
5551.252043867617
5646.978807000551
5348.0420076105665
5012.277330369922
5986.326086272304
5066.450165348974
5431.06111969155
5570.344566040763
5794.073082292553
5577.483479956713
5330.253961421033
5488.4592510686425
5494.922779380587
5655.304867779167
5418.859247451695
5861.199033275976
5871.590149897057
5605.576774458412
5950.148146599231
5147.670342965564
5570.6607785401775
5386.390488350146
5151.691955711614
5710.267757413529
5546.406191852849
5004.696347555372
5356.548885626371
5928.534197820938
5740.092125119956
5422.171255428879
5449.719247064694
5159.651643425685
5163.779203056101
5160.231542861388
5885.670340193824
5633.942285818941
5700.993768965387
5040.2940839633075
5904.831812596334
5495.526441248302
5265.030056086166
5953.835694446278
5116.999645783431
5451.976562900018
5641.72537669035
5247.374063683536
5504.542319992619
5141.1822826779335
5556.619195667161
5253.113694115574
5093.017666495593
5681.372479689833
5090.021805084091
5043.1231782076275
5895.701941612713
5807.166180075657
5680.173740617492
5606.519358694849
5991.380298424016
5469.783425661056
5424.059274077644
5525.460872125941
5543.5021782657
5399.995706154355
5305.62680481169
5707.952814993747
5434.7406699083795
5810.59003470726
5543.401455090767
5202.289406832882
5772.961406913183
5087.071658564498
5141.848097027564
5202.542186357777
5151.764718403929
5783.892215768651
5416.62581863381
5731.362876084891
5053.624057876328
5619.276521886633
5612.099821808432
5944.492472117901
5993.660979386046
5382.645360136598
5955.109321090285
5119.372919369481
5622.1542809050425
5989.946155513778
5955.469438097317
5066.2246619069165
5789.3368545438025
5604.732268494283
5918.330496929559
5282.518760813484
5079.95931704923
5878.764484345942
5427.077728191397
5122.819836043643
5720.620338412217
5687.945117554917
5476.513167556433
5433.7732267666
5909.497843628384
5401.374589224803
5371.0532781127085
5459.210213360859
5333.500910913996
5474.500513307936
5659.601723980437
5447.477166766654
5582.016784170566
5953.486879838342
5978.1415348364535
5136.732252388469
5208.008811066074
5894.471851306635
5898.730128187571
5648.164721289112
5553.48910205459
5726.7051438093
5789.2964760218165
5185.700327330848
5301.001964458413
5646.32238877347
5196.61280197034
5897.986567789741
5351.937937971744
5793.791171936848
5892.599303222697
5897.89735808508
5012.96650269138
5027.661061421828
5027.724808349993
5445.293375980061
5474.972653973755
5529.671439794284
5384.938754075051
5845.39881064458
5778.71343259995
5723.371044920095
5662.854146999634
5383.625192543955
5090.583656414853
5341.979536386397
5790.833893792389
5451.315100744905
5109.282057931127
5571.015595226466
5705.232446558863
5382.494853941599
5737.4093278915425
5009.8866547062735
5870.590396498599
5666.450684417319
5288.365700684754
5545.881643032545
5433.067306412973
5113.8224145009335
5993.249326199514
5116.0238474071575
5209.847580648865
5153.590819852242
5523.239532214604
5733.516608972915
5195.168699740329
5021.958398155201
5221.470618675871
5974.356688241656
5416.704707643677
5289.310533549524
5558.997285290972
5987.498546960214
5704.067361556915
5600.196260303898
5510.3050229810815
5515.2096351729415
5807.630037409201
5194.832567483818
5909.211989262026
5273.07561013163
5798.435076448253
5764.5578360726695
5760.131532815708
5704.196275696822
5342.002150214652
5324.167485941841
5572.7925675698925
5180.869525395331
5525.036219063843
5478.620350103461
5193.118448481329
5578.300615023024
5722.633440658956
5517.503357500865
5607.491359952501
5074.3464176197995
5200.821788784589
5956.208915742607
5111.049057745102
5026.129713665534
5163.034430557871
5221.451178739031
5749.155958382409
5204.177374486686
5628.990516914522
5187.475465887323
5219.89868573343
5218.364881573847
5001.515954851937
5252.856282870221
5286.2515351138345
5881.451020834483
5343.384470189053
5990.149954802149
5917.132817403636
5180.399053153796
5386.683534648986
5592.725717462813
5363.5672062470185
5113.805369822851
5017.693429221802
5085.322404325263
5232.815500637904
5767.821970501483
5778.9276220062475
5230.662804529139
5126.494437534023
5069.424584372006
5998.426982886058
5562.451817196072
5380.081337956247
