0.11633949034411595
0.22964611292229908
0.15148442064411266
0.31720290976173626
0.1650237038592256
0.23978488279991425
0.2191038769279075
0.33517117792839735
0.3702331071727807
0.11912974997995925
0.340147382703044
0.4000565407268407
0.44790409796657815
0.47081533531484676
0.17043505580128526
0.23177841048808645
0.45536649641904325
0.22821745716297565
0.2589441675725497
0.30591252100960875
0.32064265839949335
0.1658662825399953
0.41094470963174656
0.15982293268444014
0.43280924497132855
0.3398262141679259
0.14536310873283662
0.3201447098138305
0.305014435481045
0.1543577491478222
0.22268237739591945
0.3002020847938658
0.28595825549938947
0.1911302657467304
0.1118051992063371
0.3940064662923476
0.46691370317014846
0.2611384823151204
0.18335975571186325
0.1373327054919365
0.4462695994184406
0.17022895343068378
0.12319317438461318
0.2709661171848221
0.19232355632173667
0.4520765440711404
0.15583004435235265
0.4499876464955045
0.4015373324183076
0.3593549755996084
0.23337460795585407
0.11980387347474825
0.4913786446630851
0.48331393941471157
0.37415006083957025
0.20371536512763988
0.2103621111144927
0.11003777893099831
0.14622877248337188
0.4930733579698948
0.46905038555340706
0.14002053660480668
0.31360608960768277
0.48601625219695743
0.2818740332745651
0.12649592572832224
0.3566851465036839
0.3467146474562058
0.3127594302691452
0.12704644615857852
0.395480961750735
0.20904894750373845
0.40540224813623615
0.173349650457311
0.29822336634676105
0.3509183344093453
0.1587434341203569
0.22786417433366554
0.1644730572301675
0.38763585583344895
0.4172694531853566
0.47239872380256964
0.1294237435730509
0.2971239043387993
0.17848403817164563
0.3431029113229358
0.2933779750754591
0.21932481193935713
0.39299244346636475
0.1590931184982977
0.49503236476987333
0.1483890356462886
0.11320603042053175
0.2562184694014114
0.46005929258057643
0.1695083803406075
0.30505587359050557
0.43788592650821323
0.11987555784563907
0.10700300194259632
0.14547167592251606
0.26113754565055525
0.19103282953039288
0.1657648882228341
0.14707979965661316
0.3049455520068507
0.27843711741749533
0.225560824642574
0.3010026237458404
0.44844963700724993
0.11499765361132291
0.18125941931814707
0.31811127578497767
0.1191816967350964
0.10270336923603605
0.3035049939488075
0.13777958856348307
0.13598414093881256
0.197811489833627
0.3676820942306589
0.1973809624678524
0.1262936038105417
0.14174080134379863
0.38831655228680906
0.44435616389271837
0.10934425155969754
0.42927938936976073
0.3709891188594059
0.23069012113542842
0.48979143342734854
0.26680574779084276
0.375721445468042
0.4621006387504999
0.2195292591032028
0.3693941927288792
0.43837865993316416
0.20240635490944692
0.228993848478282
0.49708350426770054
0.14912547744031499
0.14767691381174047
0.2241090626942265
0.127880250211696
0.2545110097509605
0.35522228047403337
0.3152799346284858
0.3388598172586155
0.4287829998531898
0.1502183179918069
0.28973008999937677
0.29527612737104725
0.43693830282155577
0.4951523360438187
0.4075155671888764
0.1871830912022869
0.1836007204765675
0.3502951853996761
0.14627347713007627
0.2236172997794159
0.2681001693748072
0.4911561958897851
0.1368294213685237
0.11402673682514353
0.20649258192606623
0.11694907968781312
0.13600255215877427
0.4015901875109078
0.33700518292705406
0.18335937999916296
0.11775892585856225
0.33391249988559313
0.1778250272070665
0.3866881319890617
0.3156314673145537
0.19185907038494246
0.23068450039501212
0.3306820321717433
0.17422233797394793
0.31674972175364535
0.23631086796220058
0.2823816495107383
0.36300730945878856
0.24585126919432915
0.3754372442920677
0.1975497723258937
0.12547500263531586
0.22489453432151835
0.33013334340319656
0.28466141589141525
0.20074257417815475
0.25532043275772687
0.37808350809157565
0.3331677158963942
0.47502627261201724
0.2751812282659554
0.26687870767463806
0.4756883913341834
0.1176741221174083
0.32401976634828555
0.41733056770681054
0.1625780355289957
0.16278076282623333
0.43293147410545163
0.4204829830557705
0.35314740718647675
0.4887832955030199
0.44282275121580306
0.3754563110760546
0.1879481261293186
0.2825663769496643
0.47459082065424874
0.10841647276428126
0.2784340257558745
0.29687507579702566
0.45530063549553035
0.3091959464273244
0.2014123521887966
0.29050667395084273
0.14884424033056667
0.26755300238160495
0.46201298417583037
0.1723755002825465
0.22023781028656228
0.41378273522594233
0.2639193106390721
0.2276409556325116
0.16508884146958647
0.40243254864275446
0.13238685571757416
0.37644578168746035
0.3835416731277871
0.44647930481680453
0.35015222884613106
0.17169031316106076
0.1809056411944635
0.19802873084909628
0.39473062075293985
0.12406157356997785
0.3292196365911577
0.3525298940204523
0.48788946021346113
0.20906341208216458
0.417778876507929
0.28054855903878995
0.11546441055864337
0.2359129126705964
0.3812141007526061
0.17078198360077856
0.3395650513580024
0.1021059339579618
0.21719647416806553
0.17889379651380435
0.28935637408589887
0.11321691759557787
0.3313070009510496
0.19295669905241777
0.36296288952127453
0.3733672032534189
0.21507126580649483
0.401426765416253
0.4122855198824965
0.44282141010419707
0.24603703256460055
0.4415385615548332
0.46828105008427723
0.398773043308414
0.48669901757464085
0.44313612467029306
0.41658266902683705
0.36042395049328335
0.4940279535644895
0.36164534223181655
0.3335373102318256
0.1969604603423842
0.48382219734242715
0.48407081691202525
0.42225394519400095
0.48003729716928667
0.40144329798515443
0.21949640793120687
0.3215048498583053
0.30016385709166227
0.2015106822853049
0.19675490920459301
0.4338791324861073
0.24542673857608388
0.1736658005350508
0.37024361716537746
0.42381186201055865
0.2732271956139547
0.2352188797427917
0.429276397901288
0.31130935949712857
0.25059118176683515
0.10614416312309648
0.43016965244176564
0.13676308015702113
0.47970891596400744
0.11287402981864379
0.1938743818597388
0.4616357053669973
0.18746190421377343
0.22551170685209998
0.3830486342149798
0.3311987728217429
0.3155008529175989
0.1548425988864328
0.43719253712970885
0.4740638376814036
0.4237717848910697
0.47010110940203176
0.21663008826048258
0.4126245924903631
0.12509581681642634
0.47346846128811904
0.14053744338637825
0.30887364174591175
0.45168049665708865
0.39370366307215854
0.303373624732194
0.3322719276269843
0.3458007065855606
0.342649150371396
0.4315311731475394
0.38646107233803906
0.2505883706418115
0.2838999544056071
0.2994936542823832
0.21047316373345595
0.4058208625117391
0.483347291473056
0.18519867473435425
0.20039849345879546
0.31689015651411523
0.3171510814957571
0.3603203992759586
0.39761660856588954
0.21607976719129451
0.2387848080805356
0.36252689978474706
0.1394402384557196
0.2114913766288488
0.14492008230130116
0.3584825957646105
0.4236086169952341
0.44084574223421935
0.17370580835614016
0.45611259093832934
0.30738098693253085
0.41271422123976265
0.16891068640663887
0.26648870702194283
0.21928087467003296
0.2775328423100125
0.11297712545975101
0.24883187832907702
0.2803843110276461
0.32912131397054667
0.4265176685026756
0.17148369671092295
0.3214418593522331
0.36750731577551965
0.18231372030110307
0.2851003393636601
0.41997756842460243
0.41226508099302905
0.4176911507931681
0.293304980001024
0.36442605278619034
0.2488348829397897
0.11396055171320901
0.24957761228126576
0.41370689770082925
0.33232924842028033
0.4838419702909992
0.4819769966775237
0.15289217228659988
0.20250962202213163
0.4717736573202551
0.2700058855248746
0.40100885001618336
0.12131565340233919
0.26417178548553705
0.4706563145661927
0.3459508334771657
0.26602967313687587
0.19342446541867778
0.2556766704850002
0.3468229871944798
0.3837021007846565
0.49478676446473135
0.3268675635435031
0.31060312315724126
0.25873133791368097
0.37303695761258326
0.2929298400744101
0.16283914906396602
0.4926380352056293
0.35479084802780647
0.2101172312247603
0.1827013299309999
0.23903833619647236
0.2808899258561911
0.12128279976584776
0.10419061952934064
0.18917823429680528
0.34767848764796505
0.261659308817798
0.39894161971819286
0.2026248577435882
0.3891893112949525
0.39042718130866916
0.1423671920631834
0.41698563767771923
0.3797559716415647
0.3146527463851564
0.4322235381600207
0.16683268693484
0.29652437384881514
0.2149706948015223
0.31143526771125274
0.19340398750622462
0.10229111091929495
0.3877035945107056
0.13639422711584884
0.4802932885477528
0.38640155325334624
0.48727111091875075
0.42550679068931174
0.19929504792373445
0.1687597718571312
0.2180283564717843
0.22359387446091405
0.25306432415197233
0.4605313664605757
0.12905580654963625
0.43166685213670675
0.3796203177360078
0.22969791610884702
0.40713531529772673
0.19758840054907398
0.477399569171887
0.15305853301383698
0.19552167257562914
0.13693477106404323
0.21008098057291746
0.47015464791953676
0.4641306664517272
0.4829509432534742
0.16603369621902414
0.372394659952233
0.28170677347398787
0.24835773852255139
0.40966417476503414
0.1774089493602254
0.22715375754226663
0.23977866474773646
0.4576133632017704
0.23445130619229496
0.37174506979335553
0.466432967481361
0.21350743913171344
0.4075386983365621
0.3249622524571014
0.25048992367047873
0.14073292767842727
0.21825856975758617
0.45451351938998286
0.3541482915837598
0.3775538847167472
0.40925508652665665
0.32688469842083295
0.42772434857442976
0.3914779106013576
0.28045852240261315
0.3265724361738994
0.4152112823071217
0.33697840225615605
0.49334901787008445
0.28823672217717655
0.1113824271817152
0.3543764953431574
0.10961281635805392
0.19714052366017942
0.4216786996557542
0.28877993063900875
0.11736966213428071
0.29376041010964415
0.3757764433606454
0.35287035376200826
0.3156493727289787
0.16180649201428887
0.4084078149018666
0.21172317104176974
0.10644354359375785
0.10952795844833121
0.34379184331912727
0.25201063930471235
0.2361944589839721
0.4796768119072995
0.14987802365090538
0.12415313104083925
0.22251866342307525
0.4451911655569525
0.32994605577217523
0.2263945430915109
0.25045908756464424
0.34506924431122005
0.398231343192612
0.236607436297949
0.4855573092520409
0.30002844165098697
0.3635292220657239
0.3984528790829297
0.12367619918983777
0.16052607221834495
0.115223544991489
0.10167479314420369
0.4385762441906843
0.21583435268892315
0.25889911677490907
0.23974807689340089
0.20460859429975647
0.3470276764072814
0.22765697351595524
0.28539460577538467
0.11702710235255434
0.2975383967762427
0.40555307399046303
0.1721633772954827
0.45038551643054525
0.12920012859496532
0.3668750521272818
0.20670403244637747
0.38376623445928415
0.15925789835739512
0.33882366769132327
0.2342552347240579
0.12394607658119546
0.3886428590394576
0.4840534056816178
0.42705090923462263
0.4504302509661836
0.32103810291084567
0.3765740806380238
0.3874027670401353
0.3619803242810272
0.18443982641316958
0.11700792486811129
0.31981450942426937
0.3340663925989896
0.1018406534467578
0.3278941406163428
0.20089749968822598
0.29007886383824644
0.4903064698773626
0.4099173750932906
0.15621684082987197
0.19030253282448456
0.2150569762429101
0.10775262265783754
0.3792891060673639
0.4560744312937782
0.4638715882739698
0.2423825486965146
0.4379327343079946
0.11773543649572682
0.40005660602882376
0.19295857845041256
0.4753825747828415
0.2971124375892793
0.28131925725634127
0.4983472732474721
0.25157857648951776
0.13061216790891783
0.22827590210076135
0.18245434709241493
0.34666139741942353
0.3410422249640854
0.17857083130116969
0.4071281208187486
0.3098705398921111
0.2428396384071154
0.4873252293922905
0.4030681071794351
0.28480314060776823
0.23354845965717863
0.1905799039159809
0.48223448635305555
0.2532991848755638
0.24883586149160364
0.2489597761099509
0.28066199327834995
0.23579785215854596
0.41503020804471913
0.47895785957644643
0.15839844659978244
0.42567608714623684
0.3811618118263126
0.2348381134778711
0.38905046871607885
0.2892330830192028
0.3245028561293042
0.2652739422458884
0.44021815781587714
0.45674215837226007
0.22058701308018633
0.1458210164603349
0.24812081973458688
0.2303384898962691
0.42229538470108774
0.3470469547759766
0.2084610246335953
0.38041918809974895
0.47387286467023637
0.46763137560955514
0.43368637339643834
0.25458847115889016
0.309042618994402
0.28652192048689007
0.19632142868153496
0.10791365403959273
0.3550374391745572
0.23687323577367742
0.1492754350798305
0.2700571495942333
0.4339791310457417
0.2845456987294941
0.2354277713786447
0.15825237683673513
0.370057424720283
0.47973558203175404
0.4475317925106238
0.16499865490469479
0.28904661643144675
0.2508015287062467
0.43507990230865756
0.2819416939814837
0.12021339727104263
0.40235710143207637
0.20180950321126226
0.16868090362872973
0.37924102778873003
0.47771833536685815
0.2249024740585208
0.2928642432057514
0.4614875465382784
0.25372051044423893
0.4461590433750907
0.22270238694854505
0.15090204690430872
0.19053668137570107
0.39738775283571204
0.13933752760787171
0.4240308964890115
0.3574000913494818
0.3585034196001392
0.13141989977996063
0.31030459109387276
0.21741013400194809
0.40322918171461175
0.12582428837473023
0.2642805027034064
0.4527125060353724
0.33941695561486585
0.10583153448487247
0.21902338153148138
0.4867029847091541
0.4630594714036408
0.14286338267293552
0.14467046720786128
0.47180438781026923
0.46512013629263194
0.3142066256738695
0.1446037743278833
0.47254043741193785
0.17705886394263964
0.4057141430433061
0.27604648706123946
0.2209492278163058
0.29541162691876865
0.45088370387999743
0.4637836382246334
0.44209077166990973
0.11029116644515723
0.32104691833906107
0.14547250923811325
0.22621513683367156
0.42670116886656473
0.4727603698141636
0.3325606213565616
0.37529831348387843
0.22947973300988778
0.4363814340366029
0.4826005387609079
0.24821902132953888
0.1295680983846241
0.2670464274020816
0.24382068415955396
0.44437863271607925
0.4643392364659533
0.2088161432401283
0.49298802909175343
0.18579181721599647
0.416014171661662
0.4877105287159792
0.43991432059154245
0.40248253321632854
0.24552918128900456
0.4811527978254607
0.22308337378753001
0.368104996641756
0.20416648037258125
0.4572812197825328
0.2348555526987972
0.36400052914819614
0.20262160910342028
0.11283170002350942
0.30077269453042
0.27923708645684325
0.34318948347528894
0.2494659698346438
0.29994839105066423
0.4880799929284958
0.18196248807575888
0.21250046471276202
0.20598081928556222
0.1493513898261326
0.4862652935912759
0.282571585314482
0.28816286367615473
0.21650069874761285
0.4335118380203532
0.4396265110152865
0.374637695339483
0.3050889387765433
0.42340260093720306
0.4597178905580718
0.34014231728351835
0.18387757587340184
0.3366475002838392
0.2949382658585875
0.20681525288457114
0.19163926488906058
0.14169002176407047
0.21937719810363743
0.3386633470338148
0.21058434424991265
0.38317425424429286
0.47902545497286164
0.2708941714869657
0.15914051770211757
0.31416818632745047
0.14188097894207258
0.29965459726993765
0.4246348366834818
0.2692059332151291
0.14296892612319181
0.2202075871231573
0.28226771401936773
0.46318639444211096
0.30076361161792575
0.4858427314360555
0.34225171900987583
0.45659392737006077
0.2227260262893978
0.18379934254254665
0.3146494542669763
0.400124649837145
0.28319754898194727
0.35597378823429904
0.3671315821141007
0.2416884401947209
0.23097660470865714
0.4527016404381624
0.3543168326696061
0.4818220134270117
0.292543710381691
0.4607025394856953
0.11509824413821185
0.34349076331858963
0.2840872160840576
0.44896846495660847
0.11844475603536622
0.23080062452917485
0.4403443902065042
0.15185095282660588
0.12397295136734657
0.46909028127846497
0.2996140831500074
0.16989213006620763
0.12718752865423275
0.44201609193634905
0.34026422958779146
0.4092063242642119
0.22388782299762677
0.4170409528221045
0.11746683064059132
0.26990146125678727
0.21260069440324664
0.31303107574652955
0.40823257373310085
0.4252029659483302
0.1257134664375395
0.21774410933983207
0.40299408516672197
0.3900962073439481
0.4534056784402509
0.4876055813638841
0.34488008849196194
0.4917211687036839
0.19486077515850436
0.2573124235884051
0.230868378034651
0.3021584475977073
0.3989825514908608
0.4296319003589669
0.2939476602266916
0.24561589537405015
0.3378320716784161
0.34276157412394237
0.4579964068900413
0.1697270519037602
0.19166186546457326
0.24904415830603713
0.23568744362709043
0.4090918977663398
0.3515119737705906
0.2202045410317943
0.35836392858020416
0.2965259962559498
0.40667663010377686
0.17632933102832582
0.36601601579754217
0.35401691215802134
0.3925235649226486
0.4794062168389591
0.4836795863949356
0.2018619313159666
0.49751583473448935
0.20295622757416162
0.23892627329414795
0.44991006906220854
0.2651214881992555
0.4746959644625377
0.4327978655694207
0.48333492892611774
0.3089624629806448
0.42694619534614187
0.4021735127655838
0.3825031256920771
0.1902773751304374
0.1385312297053668
0.2665106892956154
0.4318611664433055
0.41258844209184675
0.44661073096391823
0.32333119686250417
0.4069955171871885
0.3623192673418597
0.26384590473139047
0.20263671618309448
0.3127437809089715
0.34537605390832377
0.45095930833621833
0.3356631483882893
0.2672645551531697
0.46188175925447383
0.24752450432999576
0.47291339173378344
0.18634130765395082
0.22972283639446223
0.15344208477303556
0.3294697325368495
0.17107086949497446
0.25458442522624286
0.17744037861941953
0.13301876648085625
0.2145679700543128
0.3639905206245132
0.28681535981309436
0.10122616310332222
0.4719251235115126
0.2627426785009129
0.4836148132324153
0.43227342417877723
0.30697273175631967
0.19137626000422345
0.4933221114547969
0.3674170465823653
0.22898131552148754
0.10601818330218973
0.20940573413352825
0.4810441273765308
0.30851295818404717
0.29305896907559537
0.28245131393483935
0.11565074706872114
0.2626456414150935
0.2940859917993539
0.3156463134160403
0.44401883842959045
0.156507151575698
0.14782400710311647
0.4325095164768058
0.23177018035431526
0.2726944138561398
0.24872295968366048
0.44791288521421335
0.21553905227272435
0.13163475808943007
0.17089313264140377
0.44999904969066795
0.46214508811251376
0.43421941875821723
0.4685566487179701
0.3379480820571104
0.3330761726745113
0.4897114860645225
0.4105363443912502
0.33425149683578126
0.380476175699906
0.37840197595088243
0.2789243467869158
0.4488455710696615
0.126984590073828
0.16900614716371226
0.47344960022786486
0.23204587182711897
0.46124742845697375
0.41360814734069284
0.1979976550316135
0.2678036754802753
0.2047278377173956
0.20973647418725797
0.15998227448681335
0.38534838470247357
0.44776591070113236
0.2015200485515949
0.4693326963642215
0.4043731930779543
0.26839660677080246
0.2734498019883707
0.2760990084103053
0.3513267516024885
0.3151878256191061
0.4225673208511119
0.41274892710866884
0.3305730997648524
0.13358350421000914
0.35401972450435315
0.31256471950545117
0.3736270092545261
0.330860872958331
0.49951601655389755
0.28694880977029336
0.23810460171804992
0.29706690677354775
0.302640103768606
0.49493599710250513
0.34023682579788994
0.19889842015767695
0.15685906740324734
0.20433626326814688
0.3242294403188084
0.12893173301749444
0.3790541133356288
0.45923490658819277
0.43017218538441004
0.20116594319829653
0.18952208055085143
0.20780936177284
0.49076231855382
0.26622157028762833
0.32080077249462985
0.11457601202895865
0.19566093527903564
0.3803439164243133
0.22374992146452677
0.49867051109326177
0.288009296459397
0.44236916908204915
0.41021977025825773
0.39291646844988826
0.4320751148797216
0.38772916320909256
0.34088891782562747
0.47238402402376356
0.12198075751729585
0.23998563313822172
0.10385586719546103
0.43975775534449624
0.13129057826843168
0.458423984198881
0.4594554601906128
0.3463749113055483
0.28840529532955617
0.11326736679730787
0.10511525549619122
0.22177704230094375
0.3566418482609306
0.26805171263795613
0.11961939830124796
0.34201926295079044
0.24415217969523592
0.48089980401030785
0.27991498257420894
0.4218756564979307
0.18129720911079847
0.17588580921660502
0.31734850757364824
0.3016275595310603
0.2653069930705315
0.14001320942040524
0.2939078821829318
0.1025256882977783
0.2043895553404608
0.2594366629852707
0.17924825093461716
0.2912720971459748
0.3969504961696241
0.14095143490339096
0.1537564980033766
0.4125391559432964
0.304442319886757
0.4002105989081478
0.18019090238723423
0.40695235411679553
0.13092662593921928
0.16195808800103656
0.3274893561939791
0.17470298243536359
0.1449762811744173
0.245945996086784
0.20509384002376937
0.24238566626565916
0.4023765811939145
0.3366970202231261
0.38248381937097253
0.2759417117823366
0.273566401288473
0.486044586125828
0.19319750475303998
0.31927203867626786
0.1469751147619124
0.14244788505838868
0.18691693915510968
0.46584198398668486
0.4111402920505076
0.19128747272935512
0.4846572589352699
0.4393416843815655
0.18877497817882474
0.1069944236673615
0.22698567990440288
0.42339768410154965
0.48463553998073483
0.20522470131749948
0.1582123549803706
0.29748827751399454
0.11115463439908764
0.1288428675023143
0.46557293751900763
0.4339245218331319
0.12286064120578609
0.492169620195798
0.264998617403991
0.46088051473870373
0.31332643129675675
0.426352817746667
0.42492991369208644
0.2649498695563447
0.41895136320440296
0.4698349449418363
0.2462915887687757
0.3147875873552675
0.19375778625553788
0.28050305467147174
0.28565112036266715
0.1406381754165658
0.3998801016364143
0.31632096482443284
0.4176704439221456
0.462492366144012
0.24952193035144463
0.2602926184303236
0.45168030908289436
0.23919058864728748
0.14198297355873737
0.23913057012096395
0.17899384399750118
0.24505789376075346
0.4519621200375098
0.4694311310436352
0.2215951561869095
0.4614363230538966
0.1895274386403695
0.17918325706965954
0.3624666887537754
0.2821420945091733
0.1170837794556134
0.40414077675742555
0.2412216954338805
0.4894274325437209
0.20138253916204107
0.11512611492865431
0.26007622638779715
0.14862293132300916
0.30173541392683667
0.14143306204048725
0.26776863578510723
0.399945813856888
0.37233517940124305
0.16833773795494592
0.4019889544476678
0.3831313987216213
0.19869225219332096
0.3967691379767474
0.10028682331197061
0.2985343066171676
0.12501618344986457
0.21709199302515506
0.25838925974917604
0.39709199564731923
0.24637741732266796
0.43310834330092796
0.34944469227295505
0.31641947590069713
0.24149625051981044
0.24235196108928286
0.10268054562858869
0.278109199436251
0.3609961203426064
0.45026630604576534
0.280683530600091
0.38882507148257683
0.3889451558578818
0.44556491229877015
0.3913921870874574
0.39804901173748963
0.16014880468135978
0.4134792775439847
0.34057060553391444
0.4778888389560898
0.4238073627181157
0.45252639764210767
0.15116754638601893
0.16493251338231296
0.3477878167846898
0.20324186831672872
0.3950146490334354
0.46670633115282556
0.38283581054715143
0.3432464037035121
0.20637753630755815
0.4426592122644467
0.2761383745566861
0.26775892958909453
0.39958902223267023
0.3280771021922256
0.477379569012902
0.3091645380751918
0.1967834806211228
0.42810951947505627
0.15174981181528624
0.3763111942812909
0.4990704150046349
0.23364289013911932
0.1597043252040293
0.37804548615897227
0.1989801596346141
0.3009823726822616
0.46733645611746166
0.4183885022089898
0.20026515260764777
0.4478121421636704
0.2736815054914936
0.3646024370412223
0.32873481744981603
0.4301332657982746
0.4493962385607808
0.3630974891857027
0.42574507695330066
0.3611614786847971
0.31993115440552683
0.3239604601938886
0.4516662160381989
0.488224611696615
0.3460942338756259
0.41051940348530913
0.4409314092622646
0.1530114872617701
0.4690731477371941
0.16525872439295297
0.4961440739639702
0.2509264852230062
0.40426642628164644
0.49720653302025897
0.13203611586972466
0.4680940369678983
0.2893742992796373
0.2864618800510291
0.15143459258709743
0.35454487350199393
0.36558993858502953
0.4445151077245927
0.4165479816184001
0.13599492612828323
0.37968710288470864
0.3228623062375247
0.29095000505818835
0.22607932253118157
0.46974658400334734
0.2929057997627056
0.3242753858648132
0.1907355751628888
0.45927476395948486
0.1463799381375691
0.10716862285421867
0.3917187118741512
0.3208904039997196
0.43974606375728487
0.20429486040812198
0.44672306825452435
0.4339437430513743
0.48121910108403576
0.19283638774998269
0.18268085840708573
0.11550253076343037
0.2802099273019577
0.3448979612226038
0.20922360404764043
0.1760266345600298
0.3642108999287882
0.249891852779299
0.1991491013245661
0.4031070691035702
0.340110903718024
0.40665690227306617
0.4470255717300725
0.46644821951548443
0.24950053910313794
0.17102044074439596
0.24356784325075115
0.34956122904837816
0.21421228002810327
0.46691660774283217
0.18237001511492928
0.3577314173961701
0.4522213659602303
0.4844570127008082
0.2594509654346032
0.4352767389973583
0.4915357143843623
0.46680288455332297
0.3574261072887228
0.4245823332736033
0.16502963319201083
0.10819463229872334
0.48997941978540294
0.4518665572092577
0.38681550760841776
0.4633129279310402
0.42807416697113554
0.43826032917317326
0.3490340802388979
0.3147746199693361
0.4816917839840452
0.10706965259532475
0.4621923521392849
0.2621508265087611
0.3475790743793683
0.388618917085248
0.4839044844960919
0.2579093632655321
0.20924867665424657
0.17886737339706388
0.47827488542231933
0.33555363012668954
0.20749198545619338
0.21114816534092748
0.4401802712023519
0.3145444537682416
0.20762723972052488
0.2373390282077347
0.382569051375508
0.45693367415075237
0.2097303251761173
0.25536910940632407
0.12479225827291188
0.18168813806916298
0.2119017682130176
0.13265628532542553
0.26490762606808627
0.46992728404490547
0.1842152430893326
0.3549434172751733
0.18725553980170645
0.39166353243418395
0.3017296315215563
0.15784031361485554
0.1040060023160283
0.4244362210353897
0.4788893383748326
0.42735663814392877
0.18764066565558896
0.4175761379035424
0.49759206085829744
0.3330941146423442
0.2835158532394376
0.38011296038448306
0.19867476375326254
0.1711478823555082
0.16985360258529986
0.3497123803554832
0.41148101822380545
0.12211915947599256
0.2704161110732112
0.36519496543758234
0.11589079651853629
0.32223246705488445
0.14162394803916714
0.4164501785275553
0.4388130219019115
0.32913065329271407
0.4676286986983117
0.14575694546432172
0.3038343481656618
0.17282025345457702
0.42114266863984995
0.3831244120128592
0.12300467381417031
0.24403837968768718
0.24395502153394652
0.1459936685931897
0.25085390245225225
0.39851779207262616
0.38138149741569194
0.31975647381072175
0.49655733985656303
0.4366553211710529
0.3958968092160935
0.4890836739055682
0.37306465876996
0.28321369807151087
0.3149527416996692
0.2181392739318092
0.28343453611799785
0.2839859113574992
0.49135995386149167
0.4214904317926229
0.4930524228496528
0.24036705381299597
0.12061264867666571
0.1381681383291553
0.4874634726638878
0.18619528180184033
0.1287963750838745
0.3271569890821989
0.37670777412105594
0.16368333491740228
0.20927250525074037
0.10743730591908532
0.3029552460625147
0.3961804613691339
0.4886596874813748
0.40481989456294776
0.3366823304167715
0.4686229492368763
0.39258005086842207
0.42956795167964734
0.41954169604488933
0.3543589163953621
0.26932696797940553
0.41247339707774444
0.4224801356278506
0.2781064385428652
0.4075088419253894
0.4135458010686254
0.26211026970791085
0.25427795809891146
0.44882254147253164
0.4818681250095963
0.15181370925527685
0.39096426124823214
0.3782000770680177
0.15629640852991977
0.26328056428959395
0.43367115349998653
0.29394055090327675
0.4832219693698313
0.37626495627593026
0.2901308091218503
0.3363438420495757
0.3071964806058479
0.12267518585565296
0.2359023274831098
0.40975330719908953
0.2949023688465445
0.1378643326999759
0.19293806857584472
0.29344421279464555
0.26600553511051644
0.4992910405122438
0.12896409581103915
0.36761852141301155
0.3557916539901317
0.25175733245269516
0.2612185632572154
0.28773653343650196
0.13929742905719789
0.41526618134586146
0.15297392340790938
0.1831929724636687
0.2678911201025489
0.44348207528023276
0.2522666478706106
0.11614775633836678
0.37570024790253387
0.44798428324561745
0.29963847151240164
0.1112482844960887
0.10099705592250881
0.3831484123319454
0.21570519194548662
0.39716601143343
0.1745687831136812
0.32443321487528115
0.33777129094576364
0.15464309022665523
0.3251348584679724
0.2414311625923538
0.40963407639548766
0.3860231830218086
0.45952727674281213
0.35583900080691633
0.10764302927936625
0.38943469197586456
0.32157684015609367
0.19901518286617412
0.443021123905767
0.21641886540797098
0.4883466944194037
0.19960268966170636
0.2880167016296169
0.23037555236349402
0.15178968141754745
0.380426058911988
0.46209330685905536
0.4455601888873746
0.4152293552725065
0.19036877530522622
0.11298716097580748
0.14790283136208557
0.23188402876797265
0.20838354339153678
0.3697276207356621
0.23303380644055524
0.23203100191064704
0.4118273589351119
0.23930479066450305
0.49360869705910904
0.2502852888048633
0.38509687860263364
0.16742198673928932
0.1272356675549828
0.13081532945625549
0.1024472351707788
0.1392370581535182
0.22423564471942328
0.3380459046820842
0.2386399820311163
0.25292292265891697
0.4328285264004883
0.3199393304747251
0.4355883936031296
0.20532130760011952
0.13791260201278135
0.25100364569925526
0.2441125349329179
0.3876664154261956
0.4511647495387042
0.2630183258036446
0.14704251629679765
0.3998392117932288
0.44133343734127517
0.10041735224655582
0.4084887881155074
0.21403589399537154
0.4319023684263431
0.11163745371071161
0.2918925268574891
0.1929949615703347
0.13835866940438574
0.28866370334224745
0.19562894003153555
0.3794798212979621
0.1933003894199522
0.3839161690491323
0.39552888638574824
0.13988704678374253
0.159727450215159
0.27794879863020727
0.15279795485107397
0.33570193724649877
0.328745855021321
0.18525530798390882
0.44900099427132767
0.18250026507184974
0.2710955381804818
0.10170718546455518
0.4879445179863747
0.4522771400527906
0.3215560261106678
0.1925787604254511
0.2266740985949437
0.2811476746550306
0.34689908576996475
0.3098681935282473
0.34856792274018283
0.10412765465874788
0.1556930401889534
0.38199854569328184
0.27190764299516046
0.41059329434156455
0.4361426024057864
0.20383953133164817
0.32574993525900353
0.33109619417694636
0.21662220711543614
0.3702726675277619
0.4033111632806836
0.17054637532439337
0.2180301187976432
0.10082415242210377
0.13423394406283254
0.3008034893537851
0.2636858554426774
0.344755606051622
0.35636050483345294
0.4267253881659444
0.4972560995619911
0.4740365658038327
0.17083523443549842
0.25939799996345203
0.4141624042803367
0.1426069625049364
0.26128483168770555
0.30337224724281053
0.24087161642988933
0.2876950970903124
0.2541356700358903
0.18076837329729867
0.4635337489528929
0.12939045612549932
0.450978788108215
0.22738914683448713
0.344498866481441
0.2847054342810402
0.2889547398967329
0.2426706346943445
0.40362722572331733
0.17065540209543065
0.24672351058580905
0.1995108455873827
0.21681829100595118
0.35782372452587985
0.40837666683746765
0.2970758324496314
0.311328441749083
0.4760479631288469
0.10392684785975531
0.2214477673200609
0.2981436398392605
0.3061323799380741
0.4330797503208754
0.313136658749816
0.36493591750351373
0.48402760470097994
0.4597601728245464
0.25750332825905364
0.3078023502129471
0.48899488659594714
0.21320162851218508
0.21265765855261134
0.3887648792702729
0.11750589978433812
0.4822071022293871
0.4193375874356018
0.36872297585396807
0.3027506687516595
0.4256324499642151
0.3569190782904089
0.41548816997818183
0.1256778250983684
0.1338500888953855
0.2635248980571503
0.2570279309799078
0.10073415859044671
0.13122166696328388
0.28228380509051576
0.3448027683503352
0.3366686819905922
0.468323306764462
0.1701439208621805
0.2737485094059092
0.3708551298792101
0.32703049705292814
0.472774948893128
0.276555480020231
0.3929047821398386
0.46910993994715566
0.31885015484792834
0.2237961544882491
0.4798147317996777
0.2263681195781239
0.28734023052597407
0.4121633517373172
0.3525747634587221
0.49557742827053197
0.17291464197748435
0.24006977698086335
0.25683118251979004
0.10041505449513558
0.16804360307265814
0.4695631780719898
0.14112355160014187
0.1481036259157285
0.3946485119918499
0.45547395003684676
0.16806033496603118
0.4436853042141655
0.3084740113300824
0.1129980740235299
0.26168393990464445
0.2683801397353851
0.28681856097957575
0.3023359375297253
0.24025070070559584
0.4127841352488504
0.4463456703723966
0.13631038284323946
0.3680077662564484
0.46803113333068425
0.43254290640682325
0.3054814413389394
0.20868403388159018
0.15850762777345417
0.2619195369291634
0.4980369738588287
0.25966808943029374
0.30831108053786294
0.35030246764633044
0.34083454694602233
0.1906714639103233
0.26895102035950447
0.286173584182983
0.13336891869203665
0.4699780460079964
0.3472269837190831
0.48160617418906393
0.4983535637745964
0.14309947256685618
0.17231910758144822
0.1339990464264912
0.43042165672728083
0.4795244085361522
0.16882622565671024
0.24578955622340884
0.4606634132444256
0.47605452910703283
0.3712639605225111
0.24823645687310625
0.3418726182001013
0.48159596653043046
0.1580521749165135
0.11760596629701965
0.20443550072205674
0.4803336960350646
0.20770224698814885
0.268330946571152
0.12342833887822505
0.22970361106558024
0.15075629712367805
0.1113119636677356
0.10582439119042966
0.37327516681062345
0.21204556823823434
0.4287991441573542
0.2745321157027259
0.22077519641743415
0.3924015029193717
0.14171780497378328
0.2773447382526154
0.32905697863687056
0.29517366769508496
0.15518775070633156
0.41078576146640755
0.34313221142420824
0.1824595515399334
0.17275856817199875
0.277358297547019
0.27542258138641823
0.2703020585977035
0.29658752519861153
0.4832758020029414
0.2658926073082647
0.3814302109308839
0.16793149189664625
0.41917928473702937
0.2102739829355429
0.2834037339440968
0.27077824477620893
0.2680010392572641
0.3919494191440297
0.4093580557561435
0.4621747906130963
0.3085034584915583
0.40913354349824127
0.34453884486775643
0.204755270431667
0.2975567260817118
0.12721947194447833
0.4992983154360864
0.4730540734753709
0.4531196338802125
0.490658737947271
0.16778399787717438
0.3665962617778772
0.10156808803732523
0.4620585330847903
0.46488048567929907
0.23088502817446993
0.2860168575219383
0.24255877441174262
