644.8399627934358
621.634403062561
621.1255027249529
847.1591072575184
507.01559272961185
767.9963186878738
613.7725001731984
751.359048008193
636.394269541629
568.8769525311737
794.3887431390895
898.3618029563704
814.4855638527099
734.8394892408063
944.8979099268738
994.7946665880819
599.0984881692024
512.5353437135221
999.1270862327642
653.8271915936971
701.494557049261
803.9101272723783
735.3098865563356
862.4483183829504
651.8809298747533
634.4469830281968
644.7178460543582
598.0492515843591
620.5347777561092
868.0522155434733
521.3624548078509
956.2589319931624
794.4756514664841
522.7581238451772
791.4713126101253
586.8464637783529
899.6639420785783
959.2420125490356
556.1376954968591
933.1193560030065
757.3971117910812
776.4743480675792
606.2355903501533
520.7531983323869
525.5582902138544
612.0694181128202
765.1644595489018
590.3664334208327
520.721541182605
986.9988311968496
571.5557869254441
622.1278373224231
902.6365149268336
664.1622295188487
781.0839564326623
889.9895042793046
870.0123107840484
744.1604877016781
862.025887705028
818.3675984083993
523.7675179275801
953.3434604921088
930.8927586236972
629.6493315068911
873.7928273556473
871.2332520169628
708.7362665229364
533.4202229299051
892.6447963487769
787.2573046846976
578.7736972666239
547.8971640358911
949.9894494261905
918.4122362812827
743.4160988844178
595.3619858429532
626.5039047912753
936.4885246959267
924.9125610260262
730.5381196996733
569.956617228205
889.2970642552893
605.3443154232268
772.6115527378795
873.6230796543896
554.5947352915642
901.1423662252287
839.0954614563855
760.2982453563181
546.0131704982616
719.6445431462143
912.8816395735782
507.04976599591896
580.0672191407517
965.6507014208496
854.267113170328
728.641319991221
687.2005966441666
691.5620001620421
901.631764759398
937.5209370575524
983.6033470162172
764.0911672638181
753.1322151830251
704.9438779035036
608.5615826264146
793.8832163905122
939.4540083157059
617.395988814633
870.3839350366015
665.8964815433346
824.1079232994199
608.1933647831407
775.8067677693992
779.9197625621043
872.2412828264099
930.083645806672
707.2583121987693
677.5934772803187
861.2607716976378
628.8457976490802
904.6175846515473
970.7206391609534
970.7493900415379
931.9562748132179
517.2279767332784
697.3614408304092
953.850332705762
817.989452266499
983.3066428329107
973.3204929160919
712.9723571174875
500.02321003216076
908.8600018579518
751.1942365765071
760.7368984920153
921.7982691077839
571.4336362718343
979.8905925604859
980.6775242954391
911.2296977414082
500.7274977411823
842.1536336415159
728.2667619103041
730.4440676770347
589.3662187168162
944.1093966837723
855.1253912976572
843.4354284120611
950.6791116201686
603.1811956740879
890.2027878533734
841.1768510128963
833.1426058812211
840.3440613309353
832.8655724254077
670.0304882129418
710.9552277314644
903.8587147687588
796.0986319838707
580.6043894667289
738.1230233431806
638.1171080260764
666.307620117481
521.9852295771868
813.2690074570255
584.622699941646
884.4005565830657
617.884214158246
554.4024571823988
543.9410429193862
680.9630328498321
517.4328677487778
805.0605491855182
802.4834290317447
791.8524510270121
674.68664754418
572.4927781817727
765.4069170929865
617.4122799943896
801.5504680414897
535.8214084018384
626.0264636002847
828.5346327676423
706.4622996471159
670.4557318481792
637.1677758977755
615.8399729182736
730.7171297416618
748.0770456813319
981.0737942773183
801.6511446536197
717.280935372936
664.2713319554593
732.4251872825268
513.7440074416539
987.4446187026634
624.1606413036455
642.6310546311432
661.9664870434481
584.038053377983
929.2768348612799
670.5407122019272
665.0513210559909
980.5836317714522
638.5977001488017
769.9359938292301
717.0365069169693
913.1559812449641
608.6998474771094
624.4666840469409
748.2597961924467
773.5018717542763
798.2683043571243
642.53090604128
952.6176049963169
523.8399298135322
551.247696866633
824.8412491464994
786.6061475017123
563.5768034534822
513.526542802515
782.7327324310745
839.9352830229453
626.4964879922233
521.9514397318735
695.7861152922635
707.9647675549678
569.1472631886312
714.3851743670226
695.1761882847766
965.9959401513293
930.394361990378
946.6179043063887
696.2400749178689
888.9173268539771
545.6991901219324
753.6713119238883
934.1492732399036
781.703894885195
668.0981105252318
621.2446952329157
836.9818946777406
898.2641418926994
640.0884313560854
804.2344903485616
805.330089346296
980.5655163840679
903.3991834130022
662.8235522335539
617.0571443284905
761.2372112692958
538.1349316881419
866.4641747522019
911.8496039379531
905.2772714914283
928.2269930016569
774.7240840564048
611.9950597814511
814.4762342622759
900.1090384663296
957.8670934458266
724.9252030195981
818.2040942159604
740.0524010778684
876.9296214049973
799.8288435365446
584.0420730127714
972.4732634257138
927.2647871625259
920.2927261567934
587.6767473040019
988.7897756314112
549.117296204554
651.5030267956663
999.8039256339712
991.3892962517732
612.4306991060405
762.0921417768579
943.7649956986897
579.4063808081498
518.551704583195
953.8669853620188
505.8261109039957
598.8153043329255
880.160636928329
593.6211575739625
733.4853720989231
812.4108959163275
928.594263660472
795.000768899262
545.0993274416363
808.1736890917857
659.708262489668
785.5481183084787
679.3036738928868
592.0602671611273
682.8005808449188
590.0933144909145
850.9779289532742
884.2865276976372
994.9604569218666
589.5104004858109
942.3336782500753
702.9422354948834
627.4655311612592
531.1584047218826
783.0784373298443
722.2991048546553
513.2060774240207
771.2436603862311
788.5347625006448
626.8380158394789
700.8434932456473
773.180260296701
668.5277486167658
954.8190715375946
797.2352969137117
750.0080932628277
877.6549285227354
524.2911744058515
628.6710233359718
597.5550583631775
899.9264933196337
713.8422332998282
883.0317033066611
874.0129616936913
784.9750821974146
949.1823720152854
724.6042653652819
539.136008579429
927.9772289952867
507.628198350811
534.3934679700452
765.316841627025
707.9952714493817
722.1517202883664
733.0740594729918
809.6917352210014
705.554639180496
810.3350317196937
953.8057962289101
790.713182342527
574.5807627365436
781.0439395287312
785.2254725589303
931.5018439428964
529.5749065716113
854.0757434163028
619.5272956777047
658.851464264659
506.1666364762457
615.549395456103
842.1722306292743
583.9388263004214
606.6784568886552
861.2696302348177
866.5676346330216
572.0366030213777
835.5933919665115
982.245177994997
871.2547597667678
642.6488209266777
830.3977494485332
901.2133692802233
754.7480195907743
805.0947317518137
760.9578522345907
707.6181948457373
748.7855744895338
622.9332009343975
697.7958062961734
865.8805496657089
575.5009774372627
619.8792362584711
706.0691089156355
845.2805153485066
944.9815594401296
506.2544778806513
649.9559847269534
669.0519882713813
960.7951349752875
592.7958810078298
734.4345495794093
975.1139748942066
867.2524137403045
842.3668905815093
960.3733317419686
599.1247305887118
877.0341055264582
583.6348835996353
892.034591668424
763.3581075811442
879.0466861323916
897.755577047077
510.1614013790297
554.5434549137632
742.4871175984345
861.3735146584097
939.2865504763395
509.2881208541644
826.5090212988409
839.9546613722694
883.6100507238974
899.6979477841664
957.0861610987761
942.0307147416308
912.9318494799545
725.3714863915877
835.122372403455
544.6108432015108
878.8147704338044
972.4198524745923
915.6406617024238
711.2117408026329
590.4816149100266
725.6915170060065
882.0051327727566
541.7601639297912
830.6703167156504
772.5977124505858
668.6542078333364
885.0659494264814
776.3075136412299
911.7766057265194
759.2729652667481
894.348796820545
986.235565245486
633.8548295487337
869.653014580847
985.5921231161506
902.4308593397038
764.941222808934
508.5792633441413
668.3125160443251
664.5427277578178
711.8254737532214
916.820745092589
522.6469815093991
894.0117235842476
607.4023773397336
759.3416136769745
633.6386953955367
801.8133357056165
927.4072514162199
615.9373029324439
613.4250133504622
919.7448758024614
888.2017519158985
591.7333018786469
547.4022815953018
631.4319365457877
509.8450339662778
721.3897450538909
980.8042963306973
653.8436234291714
762.9613206079202
860.4878174881819
619.9993517666688
772.0290248144913
560.8960779248084
533.1525431752113
821.3311256167009
718.4738423493163
829.0021341749518
809.0885382700955
572.0195728792786
770.5992809471669
996.6344399052481
992.4804779570677
783.491926417785
535.9429845511083
961.4379863238457
624.1709493941962
751.2991605750448
964.995938115753
743.3852126561624
812.0512513436584
555.5132804646593
875.6023861100989
550.9520920168427
742.6720389455331
759.0339800670806
579.9763016237747
789.463243699051
775.4797833527083
817.1037642685399
888.6493024247824
563.3348180014982
500.6312922582957
741.775552059624
545.555497994627
633.2256316582199
530.7488712814494
877.5667792738877
680.497323302163
819.3159901435722
839.911456016833
993.9501540695824
559.5875463825137
939.9857404765193
925.9883949502067
952.1900890401723
790.7132386948847
659.7282092614452
735.7362908275938
909.8691103689598
666.2416804748941
628.4873851033473
997.8400523609405
692.2843397693794
835.1262741552773
694.3813475834913
542.6672211798024
797.8830162282004
532.8756270375883
682.3158182078931
593.9438923298029
611.7368686718593
923.3359583819202
874.4771202151853
943.9812395706565
782.356339524742
632.8451980838049
834.2661464309635
828.2521318321651
535.2568577187807
909.4597454273048
519.8026467142488
569.2899370470859
875.266140246554
903.8323819113846
663.0258396500001
750.299611051361
677.3900628324411
692.850479527669
569.2251854131316
969.6282330099093
708.9760125039114
824.7220854359023
694.2480385877151
774.6648303526101
666.1112450271966
698.7826126083647
953.4544169404401
852.8802732815586
504.3965328232379
861.05067142026
973.6845621234495
504.4987954534226
914.0845377122371
916.4711020697505
616.9745549371423
703.3337837959518
853.6070526310646
815.8853165490482
631.6458449055189
999.3092543328928
831.1944360033397
507.02513415747427
558.9948004202093
531.3421123352936
587.8569782637925
841.4209914212445
546.9982714593028
933.1352149522327
770.4129821925713
671.0282870931101
915.5599118463495
962.5287587112374
609.1132187401533
858.9260564342183
687.3448976524757
501.36723398897027
669.5096607792198
722.1367768936893
682.2135661996793
829.204493492547
901.3779282991804
730.1891637135918
669.7241312368592
534.7809446512699
582.8465557018477
834.1750666279055
799.3732100281316
684.8236784781166
600.4912652912037
901.669249381622
960.0032464471434
695.2408966665312
783.6896614491884
782.0501664491144
660.2102952283794
653.3985625947797
937.7540807446692
571.2717994743276
932.7424775785839
758.7628391609362
636.4514501519643
704.9236648832654
787.2486988980504
718.3253718500566
935.8727188513446
866.473932143379
653.9758335090237
574.8997643409975
794.6177628459579
971.4264235923398
537.7060002313797
729.5436832023634
729.5754941664951
825.2270909983827
865.039339388928
568.0595323078112
598.336267704749
640.3551676171996
551.878482271283
946.1124625162556
619.6759949044977
995.8637857941801
662.0792434339024
505.9080124183015
617.3787393792315
683.8147931817351
620.1335436849165
939.193842134162
571.0981698675982
948.3353058237841
805.0651591786562
961.4296052791599
836.9118102725068
765.4581611882418
913.023913424033
904.4817861156497
979.2049107474228
667.3308556849863
756.7041910866362
950.8698077546526
795.2627570472439
602.5693477966659
946.3744532909086
786.0730815915938
926.9229719752582
541.4629419473656
729.436274577495
672.6896262333531
721.6580027531255
522.1892930791773
605.757842382042
599.2937836174573
626.908364527553
844.5551646914897
727.67771930616
830.1266498466593
551.6842742308057
588.8059919307638
868.6596463316406
500.60051163554647
702.1906841175947
598.2208416009385
886.6533275239219
611.0437367974466
564.2290803289794
524.0731967647222
569.824590393712
793.4170250002185
872.7609101838177
712.7233942979599
686.9047951312502
761.3918255790616
974.2196335551628
907.6653553275487
876.5453900167075
946.2970380789075
609.0522346505031
563.6170655858873
777.1591044924676
885.0522569549639
961.7128141243419
514.0056025983995
845.7431035136877
834.3883648908777
515.3646914875011
753.1952441096596
712.4084197609749
610.8051321143196
538.1024651530869
853.4888660248798
962.9934268994275
667.2993968160818
788.4322139761657
712.8520267008655
695.9381513499717
645.1657587085405
597.8293796065947
637.0595018696864
897.2793460716229
517.9275846480379
909.8873797776114
944.9921554093983
844.4465400037642
961.6903622894074
946.4884030342121
548.5352953976655
957.1082923521762
646.3156711720653
947.9142183369793
655.4161934697922
981.4455174352581
840.3301084218331
879.4915817951319
727.453440507013
743.0799638529465
690.5754905626037
917.0494012958152
712.1079587968925
929.8088020745599
814.2021792478827
513.8131617318612
510.4393786689668
702.870908243475
968.0394114243975
600.8946209045722
901.9749183932943
841.996301005224
741.6335912528857
880.3812607063751
631.6342908597414
666.8243948696265
638.6300941248783
661.6449922135165
723.1611127842866
587.5380207147775
738.8492964792027
553.3391813897596
523.4820424452611
756.952612402448
922.7277799685785
722.4824751417029
830.1482695911861
618.5198146848893
898.6841205261017
506.9602373536097
931.4439733040663
751.0081816517264
987.1741403687661
746.0061678279227
706.3099234056054
663.9567581331214
560.704357042876
762.5780690759236
731.9139055277692
521.6287435180762
576.596271782863
557.5861813130455
863.5113360878893
926.471765452432
607.1113778241312
939.5473466528773
727.4574761239575
854.9283110957223
865.9064895168553
519.7448670287131
717.7600400100908
563.6722747762128
611.7058107206227
593.2278930593723
553.2063367660028
818.8343117230393
744.9456040229172
966.166364145489
586.7199786277355
690.3424471037206
561.7828134544138
843.658369122068
528.38425584969
967.1770925148568
506.01855653938384
580.5084745084723
653.7063346202705
790.1163088498588
815.6338337535149
575.4651706743758
883.9826413598165
521.3796442823541
802.681109009092
875.752440976632
638.2974972972473
783.6026806664395
619.7128113179813
947.8885330267791
536.7171540586178
903.8499708010156
602.1610939241307
809.4472027159434
759.9839150659257
722.1667612541194
946.8550834875045
966.4548179556397
713.8965097872829
527.2225032041603
691.8902642658758
549.1956629365166
697.0107632154794
555.0337317092008
946.0408448798112
832.3771939199721
877.5271263729816
708.4087582249076
919.3402284152105
609.147017048326
698.258219179606
991.4512311380245
558.4544663983612
984.210197070471
538.2778060139827
991.0167084274173
999.1544888033707
745.7840390318934
602.420876759973
794.6624912269654
845.6825746832635
737.1158551577512
522.7294654864485
890.4294634317876
548.7307847109242
758.9804681034971
687.1874830279594
635.4403684555759
519.8792736778619
576.2806208663255
776.0316085681836
867.3643875436671
954.5632259430478
503.4370948541167
828.2304239368248
687.1520347242456
843.7198485340954
658.7182272165389
518.3921447404922
749.2332944040606
517.7066897465745
916.3554634900586
750.6837894030955
516.9328839545876
962.4360882311876
699.5743336426472
830.7235832407271
817.1864419418612
650.1422240325278
785.3709793662774
812.828482563998
501.86109560407135
892.17804810392
916.7440664400954
985.8242900676717
986.5277427610006
993.9190769293078
960.6182002772522
824.3684346122632
569.7265445794671
718.3108426734805
621.7070504595215
695.4557532970225
809.1436590826587
832.5226239169781
884.9275223921029
922.359463013534
730.8245030955587
500.5524087431096
908.9820791421876
985.4122243670311
653.1248936039432
712.0104291987222
563.4407990604423
883.6805253498359
867.8509197148976
738.56750803875
790.9158037004024
506.6853964514474
558.5561628650983
581.4567569700118
804.332054280826
791.2822682594665
755.7427170682413
858.9543902494955
952.0860470132498
896.492691301276
579.2866290790399
908.8443158175382
908.7746739100143
954.4773014049824
967.4540881943083
899.0779899478721
535.510921667844
620.3251564494382
750.6991806148129
506.5063606800514
862.8650666380462
552.2259064081646
983.7764097443787
898.1909691441983
517.9958708983277
993.428751733152
556.2223126817237
584.1985124722378
588.0750118196142
618.9361595394524
874.1023583454527
962.6524781819948
973.3422709362101
929.1968324054956
918.6344263161138
945.1975777740627
850.5765689799894
899.0941881758513
756.119027079227
963.3592947831298
695.8066396227359
998.2231138171956
773.6372436005406
586.8180046642514
881.248877818466
535.34111151873
618.9776811487327
673.5794011376677
645.2157692627288
991.7545911903851
775.6103256552044
873.2756744943906
843.6759029927741
936.5820257758846
796.8491533105714
779.3164684637502
519.21035483492
907.48075566646
905.433804696562
746.5318184123498
975.5074733709295
755.9025225277805
864.3168120506077
551.3562014722448
545.5225397450353
561.6960190169565
790.267177595992
946.1665128105378
754.4934662177919
574.9160751873504
585.5823911898349
768.3027892285052
972.9866920621012
646.7114043302595
944.3261002397917
786.6553454376615
815.5371474411645
550.3649411414275
887.5457018106802
870.8581102469905
540.5916862221064
961.7313053045009
701.5567720693059
754.7991031009204
939.9599594452684
938.5283774492045
712.1887033786758
636.8666777029996
993.6565291115235
800.6410447749015
715.5621495082643
693.3900969812032
596.3359019378009
859.4358271682868
506.18534120593193
718.2995060643887
751.4255492090504
558.0132940601694
658.1168761929649
924.8322122868807
587.1652377389679
596.5560912216085
557.092883610309
934.0868308094828
538.8092076645187
902.2565388082551
599.3524490983353
521.5473835728211
589.8723431864488
613.940847847866
553.2399656567768
676.8071032603015
534.6846287498272
794.0227319229614
968.7299065791849
721.2717905056716
828.9578479762263
781.4713070515552
925.2086659254496
532.8821742776315
731.6982477642761
541.933952563591
589.7312273250407
804.0020885909091
942.1643351724603
840.8530631153042
768.8243819602224
635.4998226332388
813.3500263261574
746.8733602696734
920.5317874259972
755.6976017653502
763.1477270712617
718.3563468568864
943.3941066133962
614.7318667399683
986.2927617106735
724.1711117056225
747.4672220158008
800.8921938323024
885.1091027727136
837.1524088418755
759.5361190232691
627.5971320713513
674.472103919873
558.116475268818
629.1808465735653
611.8623593217704
891.7612322877239
599.4498076851385
816.6829195870532
922.1483274715288
980.5485152362257
898.2720497943337
983.6754283303017
786.8900918839176
786.4202111794687
568.4396202471712
517.8329160398156
871.456174991255
538.0476795890547
711.7959971516857
819.2919820533774
635.3536319792803
903.9361772631833
967.9462558503745
896.2410324862358
971.671199926494
897.9262522685049
543.7600084296505
903.0872981865134
507.97728347652264
707.1140275317867
624.9813252272272
782.8992007962997
851.3725724585885
605.3150102147688
680.9199677113273
588.2709895847763
556.8168431837651
693.5929536571941
873.0918988169517
699.1073295725017
859.3531966998175
921.1294783574092
937.3476314587645
709.1757900630527
523.8133606990219
598.1957606779655
681.3683711119
923.5692113289758
733.0597140153361
594.4819253339202
776.292138617674
986.023819838188
827.7373360276247
580.4540613518104
699.5684654687773
792.4667041141523
538.3832211034116
651.7922898726431
690.0469675136112
937.2446784163475
623.610922236229
592.2448438808833
753.2409749924859
973.3581862389069
847.7237006040846
724.4051804643718
995.7603015569496
710.6114944242954
640.1116987444302
995.1619938240937
803.4845330398148
939.4726437456832
654.3136357562837
923.5500301690781
790.2600534379241
765.004455412038
743.2754884103788
603.1733063967101
877.1394649717456
522.3302520089494
583.0262452204151
997.6003440881208
851.123873813794
703.2091878808288
673.3519422009308
868.8190092406979
570.5882936965972
520.8923671941816
814.82532770609
856.2780881329543
702.9268783028613
813.8450867082643
756.796834448453
840.6211522529777
598.4844075338448
918.0681514926039
683.5673048991108
891.5822534356187
899.4508224122753
873.233501236506
942.745269062958
713.2937602638312
724.7729049743962
838.2816501266251
591.4724303575341
991.289539892237
946.1144236701317
712.295236231745
558.8266814092633
837.6220450377307
835.8463120643072
707.6958268347462
573.2518117758459
804.8544737303023
594.1685998667973
731.3289557818757
994.1096618157885
980.6708589413961
595.6190954000601
615.507235998351
768.0468174453888
549.5389670733623
599.6291798042698
944.7513944395104
553.8057483329166
806.1628999029797
869.8402570422244
733.698224173763
548.5276599730298
973.5149412712888
613.1232852012914
787.8496874368227
598.4707297300049
612.0536739993308
590.8954945050106
916.3834703775474
803.6217500525001
972.2900862725724
561.6148807841366
514.8142093978114
765.1944113185018
858.5918842545559
952.3789272069828
511.98058970262537
928.0654502511402
709.7342171646708
525.6384800231498
724.8401496241568
626.4525809708267
874.6665587922581
870.0201235352372
716.1582955476711
788.0549496471651
850.4069709156165
880.5366719314128
656.5729927969747
579.6787645669463
721.7327577005682
686.8075236130679
731.8622446265697
570.3930977411526
608.624314627706
608.3351084234024
870.4553788598189
639.8091720783214
964.9951501571309
600.143364663815
943.5967725630753
777.9902314060716
973.6807283048138
902.0154748502323
505.1325819596733
984.6433780172234
818.4178083068269
902.1310073397196
938.9556173057542
723.8885617389752
655.5969635217014
996.0769853223419
944.4980558834744
969.2432450190834
514.9265104257222
732.3547517757877
662.4145460627282
610.5813832958726
969.7872346923915
606.5410493787651
667.3861565337488
612.9946287199461
791.9426292543945
719.0712290818045
642.0154477737304
768.659202372549
936.3075781602134
505.1591728303349
705.3541568936413
536.5715406256961
837.7994476686852
566.6422598451784
714.2540237938535
521.8041997286465
649.0379438533263
636.8995497527472
791.9716668860387
512.3918231834615
832.1227264005386
553.649842745243
705.2140724269641
992.2737391188152
565.0045034251488
832.7975420143194
936.1764622480193
961.0801390024722
525.5952164229554
564.2085156643233
971.0127770972689
614.8302168433142
820.7028972210453
600.7711363493203
629.3469568271535
559.4173951100167
810.9036521648957
962.1549902428942
941.8387924148378
879.1795661657396
990.4991968589675
659.5355036160072
527.0822533192894
959.9902999971721
529.9135827656219
892.4156387659527
922.1179510355078
570.027732946246
775.2891599742138
692.197092863883
826.7174995596117
887.9193035991423
830.9983676168888
681.5020212999791
967.1291733560822
501.0493284019575
907.6342800104503
879.094840987749
923.6107331871804
972.4224753297653
729.0153223520567
766.5726206757757
848.9032677580285
671.273833342413
969.9453309352048
525.49104476088
779.4145469172092
854.6770014665461
730.2500196201594
714.65613239416
635.2117370759836
521.2432589943664
575.7841020125774
534.335730933681
649.2414617904602
681.1834084102611
704.2557201857296
520.7656655800304
653.2399124699023
858.8613500245001
916.643011668564
578.4128774686037
606.5224567022715
570.7923882791102
934.5706698992549
660.8271029992136
710.9658658865364
817.9165824861079
848.6108642697443
606.1146096964676
744.8858653306995
535.4955761117579
566.9161411233143
669.1646123503165
569.9159302829831
551.6363483819913
639.5794075930327
878.3997583419674
973.2024949210155
784.0041098184133
597.5384188702596
766.8163757439069
821.4799711998694
526.7767006057336
818.5387840817984
794.8260700945912
988.852889610931
656.7087131763109
886.155191812572
963.5483065376256
702.9277902933594
594.4834913112082
694.0567469088277
569.0210012686143
874.2951252270879
536.1687949984065
617.0082211317373
949.998450237791
870.5074406795115
839.5919857551285
671.0706147562466
531.9530356774937
664.6461618105031
800.7268936010557
589.8070370878221
823.3096517329002
593.2725975629568
804.4355125216724
851.046374952823
557.4949137970053
732.1667888009731
764.0179953538908
651.0595049185611
527.5436213348233
673.6233141218461
662.533181129365
557.3046056079629
832.5639910923483
990.8548860573344
512.8145732476413
723.1387306603474
804.0770781249037
508.3455702152229
547.2883553714125
698.3917431002841
618.538324884349
669.8903745388825
667.0732903429287
752.7263076919527
908.3887999127162
829.920567918097
875.6296102511185
689.1685020761396
857.6858543017142
888.0636196952803
993.8005900748037
721.8292318503284
653.1742540269969
800.8155349083115
534.0480364241149
800.6601495881023
878.8298288670188
656.3592543979956
817.7275567687843
793.0516883750659
945.4264983156811
829.9980561324093
867.6872109320824
976.2843648756084
576.366228762938
877.6127423278133
915.8039890560149
849.9526531309705
687.198154870428
827.077599445354
679.3863566176184
879.5455229204197
502.9175813608334
748.1149178549825
695.3148827730033
665.4341441053435
558.7986420846846
938.3736882703047
991.1318680600996
777.0258639491735
949.0264395911522
965.2482671276252
807.7647471861401
768.9052978073066
600.817333106672
769.4265097826269
759.1312138991143
942.8494340620764
712.4870284669687
655.0288415316278
791.0401091800753
730.0695801885544
982.0560431292514
972.9465983867524
550.869637185794
805.5467916323453
889.6700979990028
953.3225517685055
980.4114939913752
641.852783248436
892.492098251
962.1951935114639
667.5122385429096
708.4444647894421
719.158833291361
654.5799263972233
817.7191877404032
872.5035395493591
620.1139296655209
779.8150652081241
700.9755329044358
948.5957452106682
926.5467051872022
772.4990124086519
764.0698573644374
729.1342702433363
779.4415210923244
926.2766115507186
594.6059659900278
796.1135992378992
637.7461672628883
641.8518231800705
717.3076068865971
859.2654638093103
927.8696194498161
869.9614575202996
749.2315175348126
501.38946130882135
607.3596869374909
812.5261554586966
708.3256036341716
747.1541631478431
877.964278972004
583.8916660617294
993.8935799988706
641.7038860140063
501.2847460415683
633.861906091148
514.5583930617888
697.092789086261
513.31874071807
547.2739475772981
993.2367199715572
639.9396511289699
542.2344032155511
910.0025999784677
524.276088409576
847.8190547430406
779.308414648983
875.253946045876
939.6915830727899
972.7902749702084
898.325084277141
620.6021677494771
757.1281128951798
868.2082902785628
991.3068796082018
677.9085630047011
891.3694335165007
921.9265303222537
807.9858852891073
606.8432094009983
933.7228033009148
932.8480756398191
875.666112765301
723.2525722750383
624.8316112617604
567.8748022626398
870.4809775365018
822.6426983824061
877.9848212023438
754.8791433187988
681.3216806829801
735.1447461862664
660.270448277805
514.9322388735692
567.5849911419693
907.8242690821701
855.4347866743306
524.7207913369318
999.393730477913
501.63484936800944
827.1398831015681
948.7328100589611
824.9288719722811
793.6675669194417
562.1364553552318
648.8905715913737
510.23188919326276
980.6230921521624
511.4496193196264
857.971716983885
588.1026514477464
631.348768948596
596.0288339700584
994.0025365228047
720.8163551936158
503.9572902542882
645.1554850976443
748.2200303285897
865.1624502120637
512.3484566205902
850.4126470136675
680.4110354200448
774.4709702603934
671.724857905136
864.7230493006668
801.7032657129205
938.4028303026903
537.9392422493286
631.4438333742936
929.9098119662372
556.1477395871367
882.0069703949644
902.1514790304645
523.9074639465509
677.7032220218392
890.7406910026755
711.1221716892568
892.9726269752946
508.44786831969077
971.3963283186179
904.4914772449363
649.2489861446045
709.3729778631842
602.5537391829951
600.979060571324
826.1054703177409
830.9715080061162
803.9527276315746
531.316054152834
686.9873084398736
877.6616498709709
777.060760007546
578.7199851446633
589.5829766403374
604.0059796051178
746.6924966789791
881.3736347332703
939.5760430592287
535.2294085609508
562.8675382284293
775.2828737384847
831.5173884161804
675.5985914979797
505.7212036162787
664.806612543324
955.9185975448689
556.6245654492263
672.883074136271
857.527953411611
910.6846798733716
656.3344227215018
793.7637362905793
796.4417895317404
725.8813802465611
563.6248000235568
876.783993413846
727.1523303004722
990.228685338278
850.9840604983658
523.122743629607
790.3877793776121
683.3979023932513
912.8217776985604
991.1234800189821
767.2073455736551
632.5490662827885
899.0364904017299
724.0482020489801
633.5926504198013
972.3036944747159
954.3275191539681
534.45215825217
603.7661765208513
986.1565671289006
742.2186973397736
660.442784389691
934.5176615231553
807.2381655101726
943.972568988387
804.1650438555725
993.2331479587351
585.9040200272573
800.4750610126048
539.8656509697495
726.0311455939717
629.5124440219486
777.7973981809906
904.3014841623182
980.3112064113305
729.0444235155859
956.6011435821704
526.7288186604943
722.2041712783932
954.999105765393
870.9016720404998
601.5136354332681
984.8735026260072
529.1269998323453
939.187927608037
560.1502481506906
807.0547854140254
819.834731388024
806.0170097558721
674.2075755376494
780.1519478134762
675.9018205390482
815.0696015730298
797.9165573408052
528.5892161661086
976.6822609690298
608.6073455561385
655.8248201350601
609.2317535759739
967.1793608784951
630.6847432816944
579.4010513780155
922.0362993789554
647.8824969306437
954.4775607929657
520.9445752373041
549.5697399497313
538.7006700797688
833.9944155644303
563.3724420710668
741.382127959232
668.9838023022317
696.2986256106939
608.8334816308387
584.3402343063132
644.5719521337496
959.3129956818807
989.4502115147659
768.0101417194987
786.1295131651494
847.4961291218327
818.0038844328228
770.5630717196357
881.597668989398
783.1056476999619
653.5851885494642
844.2298212487935
893.370732554783
933.0043451203751
511.8928194531321
626.3940584856706
555.0805532909097
666.4189009353307
841.5658383213854
938.4379860211482
776.564478595669
967.2653128847628
915.7511666062013
630.9110342820513
589.6872846887245
838.7420469851819
606.8116950298381
881.2926362402654
699.5627299442863
658.4831341063202
724.6549372008686
876.5501236358912
685.5555923734269
542.3909167815316
796.003802374303
519.2924401012276
843.857744706169
733.2213858306087
603.5990592608421
820.816505778459
632.607141956786
949.2600579398967
759.659479415425
741.8434050287085
601.9000915487576
877.9401574005742
997.7569835701356
691.6274042875792
723.0655000085012
634.0940563395945
845.7406895927343
886.8829932796398
862.3305716869419
553.8184378967744
643.7454630078137
525.2385282820566
871.3753033868142
887.2092348157429
678.2440349844093
715.6084096552812
521.5855547084899
827.1931785612146
999.8263001270045
934.5545348829071
806.4303393345808
651.862846014665
801.6911609068208
706.6316052498007
776.625933979481
596.5406451011596
526.3033697004794
554.2447451710215
966.3328427657952
712.4041456329436
837.5274263107408
985.5263938851382
811.3765245450378
675.0984481068158
711.3330431960246
885.9890331055368
748.5182242501489
939.4459694722191
731.4073039192117
742.1713896214915
636.5633824526683
829.0593325293057
818.4276068229424
553.2410867907984
580.9453152844262
984.3131091731544
838.2142320319244
521.9323013878297
637.3691769067347
