0.10872114444639905
0.41647996357780737
0.2613692423780968
0.22110878266816658
0.18700870967968863
0.49763675506499294
0.2895221834425093
0.29957253315295423
0.11927294136382108
0.27023209858402797
0.49563084621701636
0.3614930717050242
0.13088455145223335
0.37627677616705413
0.2122099227881052
0.1266892464128565
0.35917885947895756
0.4602087137578721
0.48279423596421334
0.1602320232084259
0.4748076840365919
0.33838406446314717
0.43140724680722886
0.10544740900214183
0.2705980821948819
0.34639395949304097
0.36044542137923574
0.3758904474348431
0.3335322046391907
0.10271681611034356
0.46528938155581456
0.46251786355706126
0.4365690766200464
0.3960233601289477
0.46833443977864364
0.24296370644171797
0.2670600221728754
0.3642240709180876
0.1284305974698312
0.36392903864025583
0.1117793129621842
0.23532850902147745
0.3011317363963355
0.32248869429392873
0.4278112541223328
0.3787506393458624
0.14017099382336823
0.10978859273931581
0.26713100688018004
0.15709521743544022
0.20610623603152622
0.3796891001273097
0.46053579245574217
0.133765814989518
0.2761025545025634
0.32866077195176563
0.43309782023708243
0.1130433006999037
0.48060988052128717
0.17914045993785074
0.10086351225482343
0.4180244266023172
0.32855052365837556
0.13802655842932754
0.15705475697687712
0.4515823257457694
0.4254054802591799
0.1455989763880611
0.2647692719858884
0.2943847097214035
0.4480509653813788
0.29342077101984865
0.10421248899145895
0.24057794326125445
0.1881435722609442
0.3950276479475776
0.49806520045971303
0.4672047028305252
0.2881588457068329
0.4640822805938729
0.49678481369221905
0.14940222942572642
0.3654240570202727
0.25047851542123245
0.3693404533591437
0.28575202464839333
0.31196787185329145
0.29694944736833273
0.26218517513090617
0.4416283638416474
0.44412084644137406
0.4253262298105096
0.4535258871182727
0.4665748349694633
0.34512014607160646
0.1563691516032277
0.3798613808496143
0.4759062062009902
0.4332305328656282
0.14965284620103653
0.2860257203887378
0.3700363782332553
0.11124833873516562
0.19707574511896078
0.3604400021278157
0.13388072006467033
0.20251713803158916
0.11079996282535087
0.21289049739079863
0.4926295769621636
0.12498443927693668
0.2617822908732489
0.4526071711958307
0.15207393358278312
0.2105527235917311
0.48127288207050845
0.45721124409021097
0.40478326267341536
0.2301884933007591
0.25138664893854845
0.4058261624201781
0.34950521160765946
0.3060575144440222
0.37996116205552155
0.37565294057574106
0.1391309081566285
0.15302656846620583
0.11033683398542925
0.4087973840817951
0.13638738312897358
0.22909787361174594
0.12067430714052346
0.18781470314724633
0.4569247026225203
0.38087628595916667
0.49594817811912584
0.38077259249182394
0.49524920568318365
0.3115663886786604
0.39389245659614835
0.4046533681634473
0.42296212503469455
0.365344202454403
0.3774887674662374
0.2315807618445744
0.37811809448264544
0.40673132769282405
0.10825345243148457
0.20449355849528028
0.1828005548319654
0.1543310601075294
0.17573062055370878
0.4336248576310753
0.3840138440435382
0.44645242910273886
0.3107562764220242
0.25324835519971156
0.3868896309918649
0.18978645054845092
0.3694912990277187
0.46264786374215117
0.3419756630478571
0.41042736808750113
0.2030733876876361
0.1303790379603206
0.4398615532221476
0.24294321344101527
0.22946772093173223
0.2703294540510853
0.4553802840852761
0.49107610748142905
0.3544148789316476
0.3277366874251322
0.3971349710052646
0.1440860237256723
0.2695598990146132
0.43015045165823584
0.4381027041990079
0.3832161270951776
0.30003314116935403
0.4505707770684667
0.13013356602763101
0.1124997266449316
0.44132374765677973
0.41712152468737673
0.3843710475062576
0.49182771587492435
0.19955649434923886
0.11115628379822456
0.11484143614653797
0.256545954103778
0.11647097128377215
0.31604274828796297
0.35127949714156725
0.3138557611689481
0.26149620914653116
0.2087994615386707
0.2008279347086731
0.37518998929347414
0.14225094052622272
0.471842460434553
0.39877893548600474
0.11285778218524545
0.12843896387087358
0.39336311270196567
0.4891766809425028
0.4310715474070014
0.4028185363309452
0.4809470924683973
0.3169691785479596
0.399185522174589
0.4058702190550586
0.26813630477683803
0.42111888559112043
0.44427189481531626
0.28965675114112416
0.157993732604182
0.40298885576618393
0.4234435724282414
0.11306506719618335
0.2811529056580625
0.35091974138672977
0.2220206148398924
0.26210673834808873
0.4712138035211464
0.4041996078757646
0.4608633496177207
0.2754012103098903
0.2680584353632929
0.24871207745883803
0.42498873108635926
0.40711661198539795
0.12279887344427075
0.3242483752373114
0.2691076461151666
0.12815230848052137
0.39070185903069166
0.3133510453768378
0.4845893229732181
0.3124587631084884
0.4441181075556718
0.11248544269801859
0.3941284101246062
0.4899990657875595
0.3795459488044134
0.4022459510099686
0.3147177538506457
0.30018375367982963
0.4761588923506791
0.26174032665215485
0.38871125727889644
0.2802817433182868
0.37776871936325807
0.41763153352116344
0.17146508669416943
0.3628658311703785
0.37623051961463694
0.32556138904171883
0.41125982743181455
0.34103102547930075
0.31114334603529203
0.4964469678045901
0.2373162944330574
0.3520303554093449
0.3813900622066394
0.1389216307151752
0.18336891518993276
0.45482991903113623
0.4378527888505436
0.1646810161645639
0.216468610442952
0.19950895661265886
0.30615015313103355
0.30752301102809054
0.19788286129299681
0.16827945203282063
0.4943273432397334
0.34154444704108666
0.27942008923806166
0.3677221361284636
0.2026091013508821
0.3400499903329242
0.45215354383462303
0.37806073350625025
0.4569432320934065
0.43981947980884084
0.3832786141780602
0.2634936243730726
0.10078535030776799
0.3076335496050105
0.10454194893237317
0.4872659360571978
0.2310009607824798
0.21060985670077478
0.25503693431746055
0.4997326529585776
0.26167502272885984
0.11803168425505667
0.23100198449874132
0.2965834930251432
0.27749716777333966
0.11383382376430876
0.1582374975879075
0.2162329428403067
0.22094999890153588
0.12722017102149144
0.3969725764045966
0.36519960271255514
0.35507441521515826
0.1261148873886782
0.4998616993545104
0.24355069067473037
0.22770335660432395
0.23587199875823206
0.21091486423084543
0.3866494087273896
0.2098548139049112
0.33672553456438453
0.20917728025490334
0.3898074305084799
0.27383500697145147
0.1706333659436549
0.41041067243086815
0.34745048359493624
0.24457365305843354
0.1365735372246434
0.287741955483785
0.46061839979304364
0.27867768953914923
0.2557788138937791
0.3792097216059461
0.3956194716239868
0.37653371073487374
0.24371146119008924
0.2062415419449721
0.10523210305555893
0.12765442095914123
0.40226892541566694
0.2531484699664276
0.12317493361054677
0.2562917230366509
0.19783849316036714
0.36928871903472615
0.13913290272478643
0.28438846720389843
0.3535728878709282
0.2094958171625109
0.3580400622939285
0.1704473303220742
0.2720371641104937
0.13707724100497917
0.1093050771017484
0.41435119820142907
0.4942749936846148
0.22169340492559964
0.3539407749777769
0.4475130106306636
0.3193064702263156
0.31130932690796265
0.18884786192404035
0.12930588750967476
0.34151140049624296
0.13209554680974006
0.3106724280279426
0.23392459821505984
0.1742600636470283
0.1697179606806115
0.20739709157766828
0.32785048187178645
0.36103242284191117
0.21088964182389863
0.14677054659958697
0.3168868316946185
0.18942357415409372
0.44371346281570856
0.1897865102793619
0.1419897892922268
0.19050339882547776
0.44874017782603837
0.43032810215275286
0.29809951706833926
0.4383762605137741
0.238096179595661
0.3665482785691897
0.11601106791144927
0.29172739901868894
0.4997902130033339
0.22772194536951074
0.20605773379068615
0.4804186718037221
0.3620646573787524
0.1810790496533295
0.43969785896691926
0.4343314270796532
0.18739872751638234
0.12557509812795892
0.278697962070096
0.39711115630400184
0.31105619086663205
0.2282592448046694
0.2285109167828248
0.3062576459897427
0.3810841540582056
0.38005685502593944
0.38574226786086896
0.10817216618393073
0.2419031993484742
0.32527667220301437
0.48611430249882825
0.4523254976578047
0.28057034238506634
0.3168859608968275
0.290950418820112
0.3879947487074462
0.3077732913262655
0.20098328726672599
0.3591176081178117
0.291638052311618
0.4458725876606239
0.2916550639211733
0.10126786790860942
0.44725840359865265
0.30129547065494877
0.1906926149518436
0.3642324785825085
0.48411355897355024
0.263432239914104
0.2240473162194713
0.18881065790095164
0.3287802166106292
0.401464005925834
0.11890464138143014
0.11667976885571388
0.31673664509539745
0.22742451623134974
0.12223037713195005
0.17323028790562456
0.3481886000666944
0.3577872801279335
0.3056701486416029
0.3561026375261368
0.2073433870568284
0.1715727824324937
0.22062107329030523
0.21017151548680119
0.2063658234051566
0.3837010005206485
0.35732377176648367
0.40167579860840774
0.3680559271709921
0.24086193167233116
0.20163826390202685
0.4338723817734286
0.3643788800160369
0.13724428745680567
0.359901633922055
0.13886064468703854
0.24821725458986213
0.16889341210358827
0.4878263461811936
0.30038766355533963
0.16105743963926475
0.11800290384286832
0.32310113566846255
0.47436324906823946
0.29440638576177136
0.3837334152830666
0.3698885806789076
0.39588163761322825
0.19152147404998476
0.4416939931870344
0.20059637928483529
0.40918096348800337
0.39921640418299165
0.461904234976809
0.2939098572217692
0.33776160122900356
0.22764132612987034
0.11766742477682378
0.3175402669174863
0.38908200478303345
0.3590181110111331
0.10008040894334683
0.28219150288198447
0.40848142685478994
0.19982766230998328
0.46545692073403233
0.4939619073949614
0.23354178532280867
0.490488010873098
0.15408905797005695
0.4247252464515622
0.4118435683518006
0.46040425418812925
0.1651722960295366
0.4922737562750702
0.15609057859354036
0.197814805166482
0.417124502897112
0.4060465605916518
0.3657112022369554
0.30171565148154983
0.3599571316611414
0.36105822075654437
0.2871686973346139
0.4149630336911865
0.26651074322713497
0.24816931324520553
0.42453869287102
0.46446650792623656
0.3914271509267637
0.11240795453564086
0.49744150865870673
0.35986568383871786
0.23749351301536517
0.15253388112098537
0.4505026139137094
0.4042693385631534
0.3376249386468899
0.3494134673416759
0.390461855395024
0.4028767840949934
0.4403736802814281
0.12289230411290082
0.3635805586067655
0.40833676143932573
0.19050438051497182
0.40059715628128656
0.34639086614670556
0.2780505449746812
0.4587702029265539
0.2712659371277125
0.4799343250516296
0.1505185216129243
0.32156440379159623
0.48680619745308373
0.35900437561024867
0.10237346767101863
0.275513509037001
0.1421612325724497
0.46281735572378757
0.297922806132188
0.23596192944046568
0.12874527472779632
0.23219137862372682
0.109632942430519
0.21201712924316418
0.2764114482530444
0.2677242103636491
0.17825137513070982
0.42514583928140326
0.3184648072779316
0.44252091210543687
0.10244953095481218
0.2043836054760858
0.2754710911860095
0.3574736238825825
0.3860102699465733
0.29292694032819977
0.36271329028668176
0.25604849110568084
0.44941611613115007
0.33660386718453117
0.11598320014245447
0.11498875156679565
0.36722240914462956
0.23462295352824958
0.4271604845272242
0.16496861889824055
0.3822327591284145
0.11786111016964287
0.484154871775217
0.2976076770681595
0.4462099812530086
0.4682677849438487
0.41486461140815134
0.3002550560072973
0.3029379790711502
0.44715252265905414
0.3068019734567747
0.2969979464747255
0.45462223441171934
0.11071992060408001
0.31252189546121745
0.22419097595289592
0.1668038948142876
0.1920444118527565
0.39946385022635267
0.3416946059842346
0.18257641279835202
0.13195343316693645
0.38548352562770405
0.11662012885313598
0.2739346618658651
0.1314226008936717
0.2690317079838497
0.40390689503662125
0.32957218121509024
0.2833030074404187
0.2124376188754672
0.4681292072334694
0.2514841047915163
0.290065612946092
0.27663408902222075
0.13829329506635066
0.3176778199603092
0.16165007819248653
0.13659821508039904
0.24200580080660916
0.3949745909223742
0.36472405063545243
0.30940319089261326
0.1509147231928182
0.2897740258952569
0.4109216450469072
0.36980450244024277
0.25322865611529544
0.24807452600310387
0.1727972464953984
0.29478115391278564
0.371350759823848
0.2656774033158782
0.14529278208722576
0.22795881517012126
0.11032327544739609
0.46707902001343704
0.4036937444676265
0.31184167088974635
0.360483816811933
0.26592747051491267
0.4361448081927266
0.45840657893127557
0.23535187697241067
0.24339114447498225
0.27259075794702103
0.18383851149711883
0.49110210110291574
0.40137962595119325
0.4502882787073553
0.24769273569732275
0.3073551856600397
0.13930960456665137
0.23122226170365076
0.1391268958965738
0.14930621117492376
0.3396341224641727
0.441421058836321
0.2691617013356661
0.48843686536881636
0.4032079349659826
0.20695505910756162
0.14648417292888116
0.4393036254394608
0.39995375498300023
0.20150138445773594
0.2695450655578526
0.4938796389463357
0.407008807695598
0.4926665083717895
0.4842442869046196
0.18208565110693686
0.3802727294041367
0.1597231819204431
0.12917817746016952
0.4447992006854842
0.17094039363921237
0.12108779982962053
0.45565948488117036
0.1495703493570921
0.4224365228933241
0.3071560962265193
0.286889093126093
0.30903824541303526
0.38390199090480737
0.1543401454266125
0.26994760639111526
0.3257471788834505
0.2678407006511321
0.34043251805040853
0.48875279634575397
0.20320253955997086
0.13952250851098286
0.12906523019329877
0.1890692950271063
0.4176135485819251
0.23284009180823048
0.38565816102174966
0.43397691968706553
0.3149940789422268
0.25989431330943136
0.26343632281436835
0.2968449564278548
0.1402326557189898
0.23270148980149008
0.2971777401866136
0.28702113362375803
0.24545204074620522
0.43323444011143597
0.24261250461780148
0.2609727765781882
0.1823540033387194
0.1283625850141078
0.42533978782049164
0.45614472288781405
0.1611669608432711
0.40352560677444493
0.3016326675199997
0.19365805829953017
0.4068492996184987
0.2103441222637561
0.12760793435385748
0.18203271448979474
0.25115032920835123
0.31191776991277453
0.32326259912721544
0.10437089319263695
0.38371958446024723
0.49307026486426275
0.24311476108848323
0.49684064805935213
0.19400720440286034
0.45633446161013
0.36534501582077195
0.12176903819264871
0.2861826800470896
0.13528670815438637
0.48735032751591756
0.37812403790062166
0.27618045560594784
0.3662347990778284
0.388528338838512
0.42083128466108877
0.3478423337704988
0.4695103645224842
0.20685245102782324
0.12088710253484858
0.27801073938680176
0.36670035586607475
0.4318018556836567
0.10440383464403942
0.27036964478783854
0.12286804182278908
0.1995357315405226
0.4983543827040776
0.21590621336546137
0.19572758511215654
0.473408530979079
0.10242881460318008
0.2607154261249829
0.2924400502288289
0.1994793931385056
0.488853256292085
0.27778962166824417
0.30967349238258846
0.12697411449669246
0.49127242956164174
0.4628953277346547
0.28833507708646167
0.32067425080193435
0.18320955683481058
0.3306079760146199
0.4948879588844268
0.3440810784918533
0.40930137636591213
0.44076350172828527
0.4026688838460103
0.4319407386850923
0.10838178100543257
0.23094782438298853
0.32828199234988237
0.12117938640184955
0.11578020476012814
0.38887302410854974
0.18416306526414838
0.33261947378860335
0.291930998540864
0.49015503161721463
0.3900332635384862
0.3836333362730565
0.44842379573141655
0.26408177730950244
0.19880854544399715
0.20167622253569026
0.3309249103064297
0.49934252369110677
0.3738040240129151
0.20772966507186996
0.41882859593546284
0.4982299348786736
0.37515181846874757
0.3842382810525965
0.2961028414026876
0.1882946347849894
0.3219609958229622
0.45664809759469493
0.4856024017397761
0.21733365300924046
0.19943968292621556
0.27344161424637825
0.4970313444671467
0.13040242880623426
0.43970302773725756
0.4139040905273037
0.1310550023157042
0.267094133845997
0.33473285621754095
0.25314283879978094
0.2580959111901454
0.18281356287636125
0.25626729067612064
0.343119195405721
0.3499835083449313
0.13756982559172265
0.27976642478378416
0.20969565040570531
0.17920762260577094
0.15224549481937535
0.23674886602422288
0.3819703200149551
0.3209544357449706
0.235738997129448
0.15918738470388624
0.16755402892982718
0.39228691984243147
0.3596814030450445
0.3043509188184724
0.23200278322008705
0.45768705269010945
0.11737340697425194
0.12902683904365864
0.4684765496709359
0.10538787130166907
0.13009014187071172
0.2134776610151431
0.12852676789368594
0.2684051435756174
0.34521073029386834
0.18733604272785687
0.39170656339633514
0.35694831241704683
0.18513757547253948
0.13210563806287132
0.3247482540649514
0.43733204246666146
0.24235101778144125
0.45662619730311393
0.2750639573766456
0.2999428370361126
0.4261231374825515
0.28487792520891825
0.4004219180958192
0.46594368384851836
0.4080753252795426
0.41966760813263726
0.1225141225579689
0.39947288009445847
0.39085891024316266
0.3791723697198526
0.1877258430463598
0.10151665605198086
0.26529629524835363
0.3414498074113213
0.39088944549195526
0.1577564540087161
0.43938960496250423
0.19712852614568044
0.4150034398692696
0.49042675883669384
0.18244293246180435
0.423967123745116
0.13654399020055316
0.1623066747936601
0.2443390874485128
0.18367478001849447
0.16426320491563345
0.2938530980147953
0.48202770629468505
0.38938170460268384
0.2277546855377675
0.15988334400141666
0.1385539707482471
0.4714950066044874
0.19001947213988976
0.17228868262778696
0.1906616369864787
0.24850269155757765
0.297045190844296
0.10080205024017297
0.36996718931269756
0.13831087516269444
0.12392686724504719
0.295820031869063
0.15288309596532274
0.4295324605667925
0.2282154283265841
0.37133809604428303
0.19477400151211988
0.29646295172415954
0.41686023860593846
0.2280560405667864
0.393116916359495
0.2588174351839576
0.45375799950023477
0.15694335859774486
0.48748037689116674
0.31002270824586736
0.21775372583945415
0.38503803724741936
0.2573504371299207
0.2123918583745944
0.46402459546352604
0.3010747021950846
0.3398031248783
0.4275592000546443
0.39846730058242286
0.31882069404648705
0.3304326557525366
0.18817607155075455
0.12277238782276712
0.3069187005581421
0.4265698334828686
0.2547900796025018
0.46127615842249026
0.3031923810213966
0.2830262365517888
0.4390880213965903
0.3485515863698804
0.16811223746319082
0.425130782455865
0.32984608734954285
0.38233215687398847
0.19975658416006456
0.3040332223788118
0.25695148425124115
0.14293597292381577
0.4056577129050921
0.28226203770847214
0.24061704042228757
0.3360035232240684
0.26290254050223005
0.2666480675852091
0.2606437846735522
0.4919342183056967
0.22299448798816177
0.19552868114557356
0.30497754861784704
0.44373371018208374
0.49132523420590335
0.39899349448681243
0.4899488059953473
0.2646151629791934
0.4559479626014664
0.4488200684554611
0.38321400711770315
0.3047963257206775
0.37384318024566277
0.19397007070295716
0.46351888497449056
0.3679101823317541
0.3892331561324651
0.3154616182214691
0.230800672618703
0.47290737982571096
0.3672007655088677
0.1049692582989485
0.2908213292226799
0.4558462612966562
0.21318532284691594
0.2017890355827937
0.16439898327961722
0.317956754779365
0.3077678428046152
0.22035367732456518
0.11032685572690318
0.21540500499299867
0.36784423984309556
0.35743977822925765
0.29897881900221346
0.2934741268670866
0.29966329172022466
0.4627056898263663
0.35582917647920576
0.3164761545734883
0.3664876509382924
0.11065301260130483
0.2625620534108051
0.1261792939235376
0.42089119897063243
0.16344467074184188
0.19747496936134087
0.2176909436005007
0.46989271012879696
0.3836654305155268
0.12817941697587099
0.4356565886915834
0.15555145770505946
0.4349445206874617
0.47243368218449544
0.36011966064605727
0.36778277610774635
0.3413768331912733
0.495308671955629
0.10905290198634031
0.465404719983884
0.21524305309472133
0.2760715173622096
0.13995781509727726
0.19337409113975101
0.31372970921561194
0.2161011676177016
0.30680792258074546
0.2426062017063011
0.35931569545259223
0.20550650846383928
0.4074006710766519
0.4450405777629661
0.17248498347454766
0.10161307586104305
0.4716807084725769
0.4646844087144625
0.4541026945776543
0.24708037515839584
0.33888711891259043
0.4884311613529355
0.1356632783712667
0.39428357185095797
0.312405195903401
0.4109664634794349
0.480765719984372
0.11594045121935302
0.17329055482134847
0.2489500476779834
0.4947370018895375
0.3740072250637446
0.311908236584151
0.4787636143249909
0.10847457772842423
0.2214493867876327
0.37937544763167963
0.2229781019627589
0.1844339593305041
0.3107400910194034
0.37091475828055365
0.12693425952550444
0.42107946980818534
0.2813591813897881
0.4832246214729059
0.24796472182214338
0.3621249076064843
0.44635101661603616
0.19108947832243015
0.286651968711765
0.21945350064287228
0.33635154109062526
0.3036046305093516
0.3623322308226562
0.13855291423389005
0.4041030573844956
0.4160681487691842
0.3547285790040483
0.34146912220241243
0.4509073670357321
0.30620980739187686
0.16569555081557685
0.32370867332698283
0.10309946577406373
0.45872223437520354
0.3907224665224567
0.4406867404806516
0.12402413979802424
0.17951356743117086
0.416487565848327
0.14788442967367332
0.21841521999150315
0.1986483934145966
0.4051842734326234
0.1226075156225595
0.12482009918663746
0.10891421001313568
0.2416961724134543
0.18666336977827225
0.3485210670813057
0.18466168709032785
0.48323638357157706
0.21820463006880053
0.16971210879813797
0.13500323851194823
0.27024858909537874
0.13953678333300587
0.19367933984923918
0.3949031257697406
0.29110905402991005
0.2719107500894994
0.16234302417347066
0.34649264814632064
0.3831286534914432
0.33919396914679234
0.193177902552775
0.39743193689282386
0.18740953716031905
0.1871650578544192
0.21803569093553563
0.2319321594047712
0.16320716775066538
0.19832206300567573
0.2255548273038257
0.4090536967585421
0.35451462135478584
0.3016208293520738
0.20700632647914097
0.21974995014082538
0.16672075320793725
0.2575919351115728
0.1446053826481789
0.4053977211273726
0.24521048707656523
0.39566685000453183
0.257351825178134
0.3543997622780134
0.11922735821508788
0.18950618215143689
0.4065399416222951
0.49836311644350884
0.2905041204956303
0.21442539279210285
0.3040751031648876
0.29308144361731914
0.4358889648945976
0.40530701762829413
0.1775903822342882
0.3496246480164775
0.1450161523688036
0.4727414283972068
0.394320682056162
0.11669741130274872
0.1849974735975443
0.3213542734007857
0.18397538254201484
0.2102616165129257
0.2535761573459772
0.28349932537099254
0.39278571068567014
0.2563094256778268
0.10690668138329107
0.19491077199848542
0.4461266807657688
0.29697917319605327
0.11488821810915933
0.46220483314692384
0.21968421311808833
0.32747783954863563
0.3914690215462431
0.1349091024204906
0.37370261347702305
0.32763351770237303
0.24897056149506552
0.10248590571192794
0.43835400540206226
0.4425221398739224
0.1914481636872632
0.32693559406857853
0.4302508741326144
0.30969827516108894
0.1546611436421943
0.3559304673100957
0.21619317887410552
0.3174879278807403
0.33759654976564546
0.4426929870981138
0.45596422155832184
0.1876584733465182
0.2996297415442229
0.21901365773876513
0.4073895147101093
0.1545345789717544
0.39198357851388155
0.20365513737908092
0.41244540604986324
0.35423487194100634
0.1813578864734875
0.34966957785030034
0.13981163418938836
0.30305719318354085
0.21437941758124449
0.13837507267416682
0.4290744948833084
0.23266176386665083
0.3839207897062412
0.1393700889992855
0.2673128418485973
0.184780543561579
0.29888127883750304
0.275905475756293
0.4883848491999965
0.4218351479102854
0.24758594832026373
0.22162343293791198
0.24091165447048232
0.3788332500935532
0.37951846619833096
0.21597917395127492
0.3927777499523689
0.38044467264955384
0.33177705164764415
0.13958492151597124
0.3525219935956668
0.2739746298373261
0.2877748441792377
0.2865883384038196
0.25429122663343234
0.2514001104925587
0.4135136901087272
0.2129010696652264
0.4986758781430768
0.4892682739135742
0.39992175780093153
0.2311933232784257
0.12289366258836432
0.49588004922132656
0.2682256606097543
0.4686647225608036
0.13993546576515625
0.17580882138908738
0.38429072100214
0.12438066531213328
0.10900226865829388
0.364017109877497
0.3815491572638353
0.12891506456433366
0.3744143979856479
0.44439146918727424
0.14512102382732112
0.21873529159129404
0.2034013968111612
0.24995322791592584
0.1463588540765764
0.21488334623862923
0.4666522357637374
0.2282594413285083
0.25079153010580746
0.21539958818628224
0.17462317032549046
0.11113050212979486
0.25820193579484196
0.329772324434676
0.10837648562826785
0.15653718022169608
0.37175922773827297
0.22647534933943667
0.12738706093464064
0.1406175652551388
0.33477271602586517
0.32437960407551636
0.4947667571814631
0.2050432744369054
0.29262119878603843
0.21180756788090302
0.3458282169099394
0.4442780598358026
0.11161947889556006
0.4720016877987143
0.4998104159046406
0.42693587890696316
0.3120265994875945
0.2695840346441247
0.2526176119617187
0.3387639794906149
0.16084158559971062
0.25166382059345055
0.4752215880439068
0.1472711535692809
0.25359318659676877
0.14654216285710647
0.290236534893402
0.3399558188881944
0.40808335274381335
0.1450388461442144
0.18489843332902844
0.4870883638193787
0.2646774261493164
0.30351507217083484
0.2553409944346386
0.15342079261136635
0.27845611705141327
0.14146381430491692
0.11381228336663285
0.3006993443683931
0.4810240746071859
0.22356760984861235
0.15074381052278385
0.47646460328662277
0.47974141934100334
0.48894809693950236
0.10454934997105583
0.13750144040227985
0.21499036802459714
0.30186340983398435
0.10508093326351019
0.4511165397183813
0.28274294481772155
0.43105929755098416
0.3094997664706962
0.4290844235243021
0.3843713967021509
0.3456853693661109
0.1432356538466224
0.3362013900281048
0.14393842243950516
0.12589797015699145
0.3026136947197525
0.16992141789050552
0.4050040457209546
0.32860943777956286
0.4848578278353517
0.4992392863124989
0.4575616139085229
0.2058385062794617
0.10179534072428559
0.44270299870508434
0.11741436961327666
0.14999714185129248
0.25053619814471384
0.24659367782499372
0.1442890522855388
0.11582353935759682
0.32322185880185206
0.3613888697245141
0.17140727225292862
0.48229396553263437
0.25027124033439274
0.15981688465501442
0.39333309730724664
0.4297569143447538
0.315216000421893
0.41243301445690883
0.4473717942749257
0.26122470019188215
0.3090850171860119
0.3042864298814521
0.24005464154183045
0.4382942090819132
0.2797090675031815
0.2887096931673905
0.12951893319612406
0.30844791857271214
0.10872152543088563
0.22505566013305983
0.224851241979664
0.12294602529469462
0.24245217125341198
0.1541210242839288
0.10585811167398727
0.22587080037606846
0.14238697856728566
0.38119692313983444
0.4818414387228199
0.34954993411818275
0.24397203147010005
0.31199316328200083
0.14808729896908288
0.21432557076111816
0.35699324160341517
0.2596188399552871
0.4868718748668227
0.3837574832911588
0.3088534934373495
0.26376541439689083
0.16879605200978576
0.49805162758315236
0.3616394073888308
0.3211607829462431
0.41025961451408544
0.3733210124028836
0.3875723268660106
0.45594531488889545
0.4837570528323307
0.4833615950442741
0.21150584722813381
0.2707846637383323
0.14635688422581594
0.1164034375381661
0.15349730739971684
0.37613438185004244
0.2345077701924667
0.21758790838781913
0.10447699389861925
0.48926427336257217
0.13127591637031846
0.1479750003959994
0.10378483225225424
0.19775478056981666
0.41722109518926986
0.29317492455901367
0.1557638961865871
0.12552764373061154
0.4225811268734265
0.44116542625291
0.18863160697634518
0.4047180504153539
0.45428025753987933
0.29560473973491597
0.23520503849971447
0.40061303812171334
0.28349273311906764
0.2202018136531142
0.4434681717681658
0.27882236150276773
0.25809924777964177
0.3005365475563842
0.12666417576416317
0.11927618934248994
0.2461967482069777
0.3252656981264739
0.27530643752497963
0.38029649407151767
0.44420088535272095
0.45437826858609753
0.44731782183136315
0.49448104242604063
0.46790115815973854
0.11489640799023314
0.25393099689683696
0.39952967452718224
0.4853495145713199
0.2554559762611779
0.26553643448370734
0.28670639464266556
0.36168404321749337
0.40210919999535955
0.2636744939373273
0.1416172850586755
0.335277745026359
0.15698642774224517
0.2595141011049935
0.3172030340224995
0.19910744851903317
0.42743153167005965
0.2690642620417368
0.48584771650049463
0.2501735315884257
0.18942237816224747
0.1858506834822066
0.4786374386223461
0.3498803743974366
0.32791481383656884
0.44462688145511775
0.11125532942173
0.28136244891147966
0.3815169585857775
0.4351330942035764
0.2010226848154474
0.32807684086088146
0.36155395475787677
0.2635438472929442
0.3196529390333248
0.251589230181053
0.25756004839124647
0.4069625402311722
0.2744273957677572
0.3214142457838147
0.4839162893777652
0.49464542770970155
0.18037222519257445
0.34312056782910744
0.2513934631495631
0.25593672488685165
0.3228196493878471
0.19319118213154973
0.47911712739410395
0.4746033345618488
0.4514143865557386
0.20521947188737932
0.13094728820455015
0.4587812293675685
0.1129504268106119
0.2858093748024959
0.1547139653777465
0.4680734210616553
0.27907856307050427
0.4861304430935802
0.17412579053933402
0.2327177008938519
0.31312187182676215
0.16884579680325676
0.3813902981207179
0.30835779155093057
0.39468067380095695
0.1310328319624275
0.10918770222233493
0.1531581466411046
0.44677376699806026
0.3481525264661168
0.2043333335201885
0.14728323212830874
0.1408807445165275
0.47183717035801853
0.16501509674027098
0.42924926694934484
0.3499479724686203
0.4366214459107247
0.4022923675694081
0.17134198334053313
0.3115209480066193
0.48255566321184473
0.44175286606878317
0.2254892865452289
0.44132062471060773
0.22174188484206772
0.3163328161756872
0.29854781175390743
0.2554772768617618
0.4218945064008295
0.3767908040836888
0.3841411056080798
0.24301241314288494
0.39473814692133546
0.45116622677555895
0.31991006241668485
0.3945378506579672
0.14680835590131955
0.37728901125502
0.18420375873932873
0.4279026712105741
0.2572724403821509
0.47062022518643387
0.3550202417308921
0.43062742846561053
0.4367033263198207
0.3172207238630941
0.262636447752712
0.21585907552219827
0.2642243791717299
0.4480459441543926
0.3335238072588254
0.4465151071293444
0.35390863332101063
0.41430336372454424
0.11782537208106932
0.15468569526950784
0.31109684097317847
0.34994216085790897
0.3128417620270142
0.2930195629780662
0.27027142280907723
0.44675093816903344
0.256005924184597
0.3953414149968608
0.26032173327918184
0.1502257018804714
0.46116226800829596
0.22790936640312442
0.3760541928946737
0.46102732519457545
0.22067051473884974
0.1938777201119769
0.31444691833179883
0.1068802823656379
0.24589705486691696
0.12360696205802268
0.24940248602199025
0.338032413231796
0.4710898318381168
0.2558588105644627
0.22031725643348185
0.18254127739813258
0.2584657832531094
0.11293313114294495
0.11293172623593312
0.25811969443733285
0.1385877531178281
0.23257973367826856
0.2911694124630329
0.4244665992823383
0.14123173960717086
0.46650805971583653
0.26118937260373
0.3176849192467448
0.41352675737253286
0.2530037884272445
0.4310541671222665
0.3326528883126044
0.10107450617945708
0.37136577585027986
0.18326471514660325
0.3370616092153237
0.4675488041398469
0.32076473863651833
0.29471923886564794
0.1908712062519864
0.1304294825874862
0.3490530437926904
0.37251367609112396
0.19879527295702012
0.3754745822519129
0.4483709446077274
0.22244600812804013
0.15089831984259972
0.28502645303600516
0.4838424825512462
0.3709035954520785
0.45339706210861863
0.3423729985859004
0.42764918519629835
0.1513434293325974
0.3974103056892906
0.17816402973988638
0.3437107348953841
0.44827489570368007
0.2669029192591148
0.28901791973247204
0.4273957859160461
0.24800148610979764
0.34281519574861097
0.45789470364300444
0.3863704679116481
0.4030664372103049
0.4666077896238222
0.28624018451229727
0.21260512314550897
0.12058215501550716
0.36297253471062185
0.4452907454399585
0.3053433523509891
0.3139464661584652
0.3633898569848164
0.13937955719721737
0.16294578683656083
0.3089610116052445
0.3547091220640902
0.29315900468411316
0.31837715104991926
0.14578037375925665
0.17275437874644844
0.31868698393369327
0.3931165573077394
0.32442569528444165
0.11079167576185225
0.16879348273615324
0.25098419191844773
0.17465716463430964
0.3148143791868326
0.13929245766004034
0.27836845461379955
0.3002724978215925
0.4267651424356249
0.10436216166114409
0.46510551643021114
0.1063372062550879
0.3288134691953234
0.13199506904033054
0.2267671925559579
0.3199152551100317
0.2919901617718175
0.1823169702984583
0.3598593945251217
0.4259423353190135
0.10196220694715552
0.2681463952133687
0.2914075228238502
0.2384819607283839
0.15512618339391682
0.42595260589093586
0.43028597159576387
0.16003251180861772
0.3755921664374311
0.34485260188594263
0.44094869477917964
0.4746846263324268
0.4724304470015106
0.3902405334166136
0.403386490090068
0.2104823523516235
0.18740466353570828
0.39006137716214495
0.3445199160685066
0.2477407894243232
0.3580221427845305
0.43551828357688727
0.4425436862574419
0.39137444892575624
0.21787069470519996
0.3192556148417476
0.27962839566414643
0.15255279277133243
0.1918920840678363
0.16628252997624748
0.24920445137899483
0.2249544532646358
0.19259473951874787
0.48928619377804294
0.2723809756663698
0.44628849718693575
0.47502897071397066
0.2950006326621058
0.23027381880961598
0.41912661253019745
0.16351212423772138
0.36346746478722936
0.1102998821619432
0.47067792297695177
0.2654729475089542
0.409092060156409
0.23550000621442768
0.3923816933334323
0.21169335143046522
0.15718931141058518
0.13874469930442293
0.1525084033734291
0.4216567239747143
0.34621193394036576
0.22218991118532877
0.2672782976534754
0.22600589602374443
0.18796040733082275
0.34027540871097434
0.3922272722970218
0.42444113077593626
0.4211895770423074
0.20626984712446586
0.30911052033963937
0.3740027789009589
0.2637188463230385
0.2927939167801179
0.13383297788147297
0.4723464711941078
