5349.959419022022
5287.775892792256
5352.837218838516
5939.353847798181
5861.622376347201
5287.125424525478
5874.633717961122
5840.928313428754
5610.5810496834765
5825.516644061747
5484.850855445285
5185.894806195994
5385.544902959747
5713.826804197893
5412.496583706974
5588.016473367919
5887.73862718828
5422.493083633414
5487.516729679588
5692.537828655219
5681.654330859578
5325.896037420849
5741.015338833846
5137.052341063907
5228.198204448295
5340.384992419936
5941.057309962686
5374.633008377617
5671.191845434347
5308.447684013318
5185.556944518567
5521.293896085529
5933.51504267833
5636.13220525404
5106.493807538523
5047.642627410159
5254.077723169497
5031.748734146849
5603.096844450652
5558.525205712887
5053.929912527383
5784.392720574341
5120.862977838205
5046.856547829221
5750.672746369503
5350.027566904179
5719.296236407787
5337.731602921081
5792.443486829229
5004.783393597162
5204.35494219255
5973.061275679942
5374.126878032455
5775.831934423933
5014.393782150131
5164.832235494904
5323.347132714688
5192.793291853076
5153.28378811613
5316.1752585303
5375.338389139314
5464.156997291554
5032.538777020748
5270.887369233346
5637.164955375598
5637.624020233223
5054.329437836185
5604.521793203689
5420.382824947055
5209.269421396045
5512.268254239817
5379.8006184616925
5450.3275703507825
5918.143828559233
5765.176890540166
5339.561499391357
5030.702463622534
5117.35778337321
5347.51911559928
5981.769843353809
5385.137318092159
5893.240393421476
5608.206734721889
5329.168603567685
5364.6215689682285
5238.818309712733
5168.001648942364
5107.5624707860925
5955.791860071627
5917.994631024756
5099.622425381403
5286.598971312452
5274.998184151524
5154.387102871041
5899.378507388679
5102.170794180655
5906.163563970307
5968.870568508107
5345.906463615012
5629.397729417945
5857.608878192341
5894.283483105105
5755.911942422021
5841.555870762505
5031.827172128147
5983.385527206958
5247.692171423101
5513.913889174397
5606.0591248106575
5956.957730478697
5073.642461816855
5584.303055619559
5288.082185514194
5813.604226441046
5734.386170010899
5424.824847908274
5858.2975740839765
5353.331185058497
5385.051623017348
5101.175096839959
5717.595298356412
5863.655253436607
5511.88350196152
5862.655918310658
5904.977870004794
5032.1940287441175
5341.462200444006
5463.9730128571455
5807.34397898043
5581.217910486852
5473.839059589272
5391.47150494671
5931.233105518157
5615.388653859283
5472.271154393006
5843.377080898692
5664.718098010732
5246.481154581933
5987.1187003385385
5446.94625653549
5351.457725446514
5538.200725866729
5085.900424328079
5390.338953169108
5387.32065698967
5186.639080131709
5063.977714846045
5927.787307117183
5314.695342570417
5128.192729047287
5595.210589196372
5369.1955966997975
5748.377688137093
5819.723962503649
5721.036055596359
5371.769418845804
5696.352648963872
5064.265970011135
5195.338061243475
5066.030688744977
5614.357469717637
5962.422270148289
5641.361634974029
5662.894520344832
5772.691000546149
5435.172529408514
5859.468270347956
5945.073653912095
5692.28870143828
5366.188203677911
5666.3350594433105
5998.500078433782
5339.934511269045
5772.089588268382
5011.46965622808
5915.361220649778
5755.434198206509
5536.173032240391
5542.087126035549
5058.866497369107
5993.01977536624
5570.491288064428
5355.008681651658
5528.688296764933
5933.17321868164
5424.440113893304
5489.921854279249
5685.260340796151
5044.584341541846
5155.26785634351
5498.043143509928
5680.634195620158
5019.244060628362
5387.382712673249
5392.807438232763
5812.0073266324935
5470.299608076415
5778.981361345763
5887.871568876053
5698.131804790938
5374.954436178671
5408.851885699119
5563.7551862721375
5395.555782631382
5104.137488952686
5945.089830769271
5501.939294501594
5274.358852161522
5995.545465366159
5647.176448028649
5600.858024511445
5306.350676705007
5061.910125740513
5791.430234416166
5827.926555864087
5781.7024902537
5972.673425277403
5301.044794707491
5795.579991655457
5002.169621361889
5640.495562345462
5852.725898307342
5421.109586778393
5696.888567195248
5686.357534442843
5668.442690763489
5362.924730715818
5818.157640436812
5233.601449615437
5176.475723903078
5785.294721155527
5682.595729209387
5116.945149258006
5305.321458697417
5440.825784100883
5315.8087332282375
5145.036407966968
5316.067655850067
5754.9912527970355
5634.154826670245
5996.1119197012995
5843.3683344470255
5467.934685894657
5755.070805113455
5930.810618572347
5090.604132097827
5347.875015744112
5127.243739532987
5632.669805313634
5551.7724234802845
5421.3375282016395
5714.523291836331
5960.382175492479
5723.979997381344
5761.793494252396
5410.729755113689
5146.761262059763
5080.920606136303
5155.489795597849
5663.0067840347
5152.232600365077
5440.701718308724
5019.189350857259
5977.890720898581
5981.43127494706
5389.8465824197265
5444.706916383041
5099.722777291895
5269.694969846427
5203.231695282971
5099.37241630921
5817.399635239678
5728.593037802873
5647.912112063075
5210.179163016413
5938.153520518794
5585.846385645686
5634.379735214295
5574.591941193426
5899.238402987086
5143.057314479698
5582.527904872317
5248.649894276667
5160.8214121236515
5417.361208665136
5056.493741140777
5051.999732693693
5110.731094038185
5726.5129153722055
5447.936088810785
5748.378014702233
5819.556177021731
5674.627335839401
5400.411699590895
5841.73796437265
5146.37561391384
5426.384725307785
5012.536417751335
5263.285928067879
5466.500734648528
5330.473521987194
5100.226167262409
5068.314342364772
5770.508215885666
5604.959768833926
5721.092767365435
5742.539307588021
5028.567036649108
5236.863671060727
5423.813220648745
5081.196948490411
5872.955563490396
5354.838508749997
5619.567285994058
5191.955222800669
5070.329811975017
5576.448469366382
5104.861360577013
5905.8047721558005
5423.591356393187
5260.039454780178
5336.39516272542
5245.063453925755
5799.663689158998
5470.268127781986
5141.8294677711765
5350.4025997474155
5795.955337422452
5892.169275761128
5275.253201897742
5577.681735389777
5207.878293715002
5532.043503205103
5271.725622147117
5147.25909923228
5790.526546428604
5801.153130882823
5034.893955509797
5715.337597024701
5732.420469672925
5918.415699828925
5974.578933066221
5382.948527558174
5440.973377804443
5270.2180524947335
5931.100117919004
5426.186227743084
5605.48838328978
5125.208672457208
5023.2377071884175
5393.035555938522
5178.793005051001
5171.506342926371
5133.766206080407
5903.017936279589
5866.911825410924
5024.849486364098
5377.000670685584
5462.0163115205105
5283.882221652538
5167.333950441317
5754.7774293618195
5716.339318250186
5908.118685912315
5386.350325091237
5902.884586774255
5188.446722543731
5806.951788317938
5425.175452111502
5982.124932886888
5927.212933748091
5586.843535243582
5494.398985496249
5476.408718273238
5420.478373387503
5368.540523641525
5324.634875767935
5934.297088516814
5464.283484335444
5605.097459576684
5609.278173222335
5917.308467086421
5435.058337681332
5816.942123387199
5411.304934709308
5743.018486348068
5812.260201626238
5829.569856229635
5904.922321666843
5710.185436027654
5537.213243372276
5505.738816450118
5265.357510289963
5064.742901236259
5412.961211312267
5138.492072717407
5257.978706906422
5791.929431339929
5861.859197388083
5810.793247194843
5197.170082725633
5619.7277376442935
5215.24451601958
5544.807852105364
5746.559095231878
5465.46567076127
5806.504108301063
5444.451352762462
5898.909014153236
5322.13029647331
5288.94090557335
5693.6398024082455
5110.532299138731
5822.530407647231
5399.022504300462
5617.860556331521
5188.280700900334
5676.250313893371
5060.363595657187
5577.411518779563
5157.158182678239
5013.7486879851
5295.159279001853
5309.97982622839
5022.909334737387
5438.566719226748
5437.335547085037
5896.305895596354
5705.991687636684
5400.291710360819
5126.055430044495
5946.224626883569
5344.657878680068
5106.114543124846
5275.329481649996
5578.024821683288
5153.973255809902
5365.135870901522
5091.660213026869
5381.24667310372
5798.238869670721
5437.618550021711
5131.196748911059
5327.894864535865
5458.230981190742
5747.705930115234
5901.494683242932
5361.470052289888
5257.2423408529385
5744.188712675352
5912.066169806936
5009.603351306209
5975.24602844503
5453.7500345540775
5730.710114430469
5469.824423929248
5848.399722977759
5666.078684374894
5248.428689983572
5196.455127284697
5416.7688472065565
5767.101251854363
5455.751114895601
5656.04956908463
5397.337054375038
5040.815312925549
5398.648266767593
5230.857364830344
5965.965231256257
5367.941058186191
5746.205797205499
5508.052293227929
5649.913654284936
5275.157411242417
5737.555194595348
5118.14110695227
5898.697180597272
5648.497054310322
5382.0498197687
5389.370295915398
5137.3088827789215
5106.609961732428
5207.660694868114
5612.344786797817
5967.831540476226
5209.250667787743
5096.812399498461
5357.925457953297
5049.382867661836
5363.604644944266
5880.729310156342
5742.08615329209
5554.254497501674
5757.1612534916385
5002.981298798206
5919.321122569625
5193.279388644692
5681.511721613921
5502.593169834877
5812.048972223841
5911.868027358557
5040.992353916668
5488.757788148571
5109.890741463007
5301.830361783174
5513.266966014713
5691.076647904888
5551.334516860794
5661.017191197016
5757.515207824266
5275.547177437148
5676.281333029504
5313.009682621738
5198.891983960166
5115.439953995191
5622.557040460946
5613.817396379989
5061.506256204455
5798.041746415073
5947.108768081865
5607.207274864582
5347.828714544228
5537.738695092874
5976.789498845476
5998.3794855860015
5131.779396831035
5992.968547830558
5599.227993556675
5211.773291572246
5502.538532074023
5247.118549929161
5616.249672946155
5234.018811514258
5707.905231202045
5102.650728865355
5159.993419128016
5244.6087452176425
5741.858729085722
5449.122917982473
5275.042022499678
5155.602413204558
5873.310502547347
5864.767310834209
5213.027495737946
5565.0143837805845
5429.122779075086
5736.1712281810505
5235.7487310968945
5339.647799040276
5246.220238879011
5394.006473551001
5053.9374216426695
5290.495220944427
5955.339682466065
5708.399639798976
5680.527738212375
5723.871908312038
5676.596896116578
5337.8909491974455
5765.8390763898415
5754.205629346942
5120.2038102239
5612.394793819492
5837.701255431701
5840.698875831062
5390.061905418188
5228.363808103385
5540.861208765055
5435.916789452722
5821.3632169358425
5083.346193400284
5666.889581720694
5782.561769825947
5040.287240091612
5254.876954850216
5070.975847316281
5018.892138232973
5492.28215207013
5594.6938332697
5139.149436607414
5845.679824756062
5096.006625059947
5431.369469198929
5686.336488087124
5784.8690542982
5773.495660445116
5704.004756864812
5387.83975999253
5081.6485958318935
5159.538981383819
5818.610420513188
5056.731331218675
5681.063943459847
5606.232218782383
5180.043221492984
5939.398901340951
5865.6025932120065
5427.719738812925
5370.783759213327
5885.405395263997
5580.632238760807
5474.973433110521
5668.7455951477805
5158.41763610654
5116.475531978295
5673.557594073872
5356.165804406028
5584.986742712373
5733.333075668615
5029.798362263097
5628.541668962489
5239.061607942188
5359.418116310464
5219.047783828181
5570.137430805664
5857.71629057105
5813.009829684006
5221.611706609314
5860.406861439569
5750.1448555379575
5964.06648392838
5581.342075504132
5208.475796062995
5823.699376013688
5952.350743619373
5827.408714374818
5144.2983632542355
5173.6432615962185
5671.1725948794
5110.67541098339
5111.480392023385
5216.418570905434
5971.440446382671
5019.003918736484
5847.1050250477165
5940.741222388962
5813.813983057482
5533.445043554239
5301.776789322286
5058.791597764503
5237.019374926302
5503.321419612633
5691.478555838584
5148.74059767214
5916.468011814213
5162.491267163453
5228.366457921366
5819.67121820311
5679.566882739713
5951.467204287954
5884.974574060764
5516.308186845733
5074.817684659137
5871.999811536121
5457.22728061897
5438.021558360846
5581.602007497278
5743.003980593587
5070.942794688387
5007.688975672174
5915.519423315599
5682.735768083613
5021.49808299607
5687.213869407895
5804.941346799853
5106.0763783692955
5458.822879573735
5059.528842896238
5384.576989326925
5841.9062771643685
5093.810763702283
5138.234194000452
5666.604078404707
5673.928536522548
5935.082608975081
5902.027879843404
5955.109928345266
5656.213436840313
5350.338461318061
5634.082885624324
5230.4501011360835
5154.902616772661
5177.760984708048
5959.487547784476
5380.0444233023145
5637.525707338971
5004.840747573813
5810.8078639461655
5674.724908353392
5458.96989923778
5820.488634392863
5444.975563077583
5368.399979773765
5334.518309937336
5280.404619186795
5761.659145530995
5219.975457993149
5816.286601516314
5306.620162556542
5562.093852129035
5518.913395509943
5680.718367816882
5001.643037430859
5324.645744332495
5591.453223481952
5661.225329650851
5849.460018394292
5608.159238097202
5592.431955482356
5605.185803780027
5043.049642630662
5427.877888466266
5213.787557794687
5836.765809243027
5358.9433978905445
5726.048845397869
5248.119849727826
5977.3670185807205
5740.097502893897
5236.72236934598
5166.236247497288
5556.647912571713
5268.28893154855
5945.506074694962
5022.486221937141
5005.336478321043
5442.028091773425
5185.138187054254
5003.035015081824
5233.917842296954
5281.9363406899165
5729.755801511182
5427.12662618647
5434.109576429913
5177.998408103279
5115.300340222131
5019.432744994307
5295.764772774774
5363.815535590698
5468.936853177915
5584.3945648154095
5009.788584180408
5207.098141143506
5787.317387421479
5451.41566266017
5528.908811242232
5746.82015662819
5558.562687532137
5314.707565328897
5030.119088906728
5531.432990319962
5087.943897279149
5228.886023434255
5712.6843969864185
5379.304985503642
5362.008632724595
5402.594993067783
5871.921817262058
5942.448749592808
5742.25586597718
5443.9845435244
5128.311166290488
5324.964700482569
5768.6341851481375
5984.168570593613
5548.4341725388385
5435.441182149974
5456.875801017127
5109.050492118791
5574.713849409509
5601.254755297133
5773.796417792479
5796.9217992406175
5441.781787049608
5926.030504187798
5920.845466365987
5136.403494334754
5910.568710878566
5472.087607195968
5856.993205872265
5805.871949218619
5578.764660219949
5635.348708593237
5725.579035101791
5287.834227435839
5078.584537304356
5434.616186772249
5380.273287543389
5169.865475890605
5962.955606748664
5848.888833576664
5208.772564363137
5153.476923786894
5879.459207058637
5901.322425461022
5998.2551600849565
5294.046876963767
5993.29976826932
5626.117134506298
5795.191445108658
5148.423936877975
5416.521499779098
5192.864579140842
5454.412325813591
5752.86165502592
5588.871296611801
5747.634769818439
5671.312398651537
5682.601165465678
5528.937171603875
5826.561595005259
5353.78195189969
5580.861052477569
5931.867589479948
5949.894597155518
5359.634374494838
5100.266844915579
5032.223734498031
5573.578914094978
5282.308205288281
5491.551203601519
5111.985107828838
5216.2854510764455
5554.848484472381
5649.322984291633
5894.466772338188
5611.123428150047
5381.176497395891
5211.10586558532
5324.254845231407
5216.435521766508
5817.734351435145
5882.522415221044
5145.614711758912
5935.791013162605
5179.879883494288
5725.855835034822
5001.208053350047
5120.208823419062
5931.10455994438
5807.630828166426
5867.270807784167
5800.8669150231
5074.901007257884
5067.027148828667
5745.3205090911915
5194.077232515616
5968.735428788403
5317.5396632113125
5755.012503850312
5357.811672346777
5086.414012635897
5633.893331911736
5168.610396435004
5904.2622376768395
5129.625251170387
5775.451827612185
5346.088816591652
5882.945759201333
5573.861860220392
5752.955892783724
5065.761671229673
5402.090454930532
5475.213080858143
5104.479319524875
5264.615424631909
5331.9896247259085
5667.88613521348
5866.973679699014
5163.357025252989
5382.493489597032
5342.114348035944
5825.339292480582
5868.492301051885
5273.865570348549
5412.215623576117
5790.735418820919
5949.460788084554
5290.418242598418
5371.743161459038
5303.0873817817455
5887.754139919453
5642.501209583794
5645.202886747997
5185.939812333398
5691.403557287522
5984.9203440806305
5100.668582823485
5355.906998443787
5006.447914613418
5049.655884884721
5346.801631455345
5672.577682545552
5858.435000671314
5271.294108254059
5512.917992632943
5425.188342544199
5779.661528642338
5656.42221038639
5551.912961017819
5057.277847210653
5009.419608373505
5505.1646802543755
5262.2473938206695
5033.062757189562
5868.897054686853
5469.758470594632
5263.297916663356
5544.071346628169
5688.55933559559
5759.890366911608
5268.448973396155
5522.945359615986
5032.173651591947
5074.4527309315545
5457.315612016044
5427.5621504103865
5003.475383601542
5811.25913962396
5171.514959076831
5540.858352031037
5017.459005872287
5085.545333644999
5786.02553456717
5007.544637340277
5175.532446510383
5875.333822661067
5007.85773514999
5370.919957244181
5367.541637602907
5398.838182542193
5642.034780914291
5628.539759393399
5861.6273906406705
5982.845706391016
5992.5243280039895
5584.216275861021
5803.515331146079
5148.4693908144
5018.618492513464
5970.95697474043
5192.652970863151
5949.6920343013535
5542.203904521773
5621.313833275102
5730.376187442116
5471.471072113143
5559.970379634494
5154.065433646634
5162.486061180409
5006.899277755434
5490.249699254742
5662.322641748986
5511.6165949054885
5461.493798300361
5711.792768853056
5766.047880004333
5463.273488566533
5947.654612085806
5516.039964910873
5781.514606820603
5962.139489891346
5931.740886164542
5548.3041985020745
5105.005688168017
5108.52888189634
5146.688521198889
5560.051083740036
5256.129269768161
5077.221247764948
5576.193596991819
5966.480383100056
5664.942352035154
5677.724588926254
5997.251673023806
5321.725109499309
5231.56741507449
5495.542345662248
5186.710031510398
5508.995938663258
5098.764136951218
5622.139937659665
5206.868456006844
5638.365974978411
5302.106961555153
5040.2200062528655
5815.448018156351
5415.522360565987
5124.682012080431
5295.345125574783
5016.443987164674
5556.170946042006
5383.261130324534
5640.857717923135
5820.757977078248
5002.9051122150495
5147.342493427606
5680.2372981811695
5218.886767175367
5944.634200736276
5981.933220878324
5323.619486168408
5466.500077958543
5276.023381976333
5853.155016842034
5479.239805906051
5773.461680702461
5186.501106893228
5861.064454382784
5857.791598379981
5516.835088738702
5883.602704733195
5679.534104822533
5122.566475099012
5098.892750143032
5484.167210668874
5968.813035746254
5126.833429016189
5779.251986761051
5116.668915069948
5745.518274456303
5180.618766473385
5392.597402556569
5114.922957949185
5291.103749055966
5831.945867254977
5061.662362437064
5744.0319828396005
5522.72616310464
5515.866357460067
5026.362225191142
5294.379391298521
5568.774764979794
5372.768833775652
5842.956936929964
5167.357981333052
5596.095654386121
5936.2827294638955
5221.960189121999
5472.24292125907
5605.987575254083
5586.770448920086
5183.065535393505
5904.981407797618
5612.308009489707
5292.591547466017
5693.332085267748
5178.022839147594
5656.76342215825
5161.463154258986
5411.18255738492
5867.929395859382
5746.768246224463
5429.2662043400405
5955.634207256968
5743.990505598329
5578.468632741416
5268.543998255379
5760.2262486963145
5871.937573831848
5381.208124760062
5185.087663567879
5023.778508802524
5998.236166210742
5353.3236015039665
5183.107185969021
5048.72650373877
5015.650516017889
5497.265520766366
5776.930174113332
5776.7951289518605
5225.3259820322655
5958.94283331414
5641.856820916592
5848.7385809573625
5199.864850795028
5877.729122461051
5373.452819431481
5882.117214903853
5636.995400251024
5881.28407738819
5872.996589610383
5328.538259027611
5470.764883826665
5078.474283957898
5965.76670192517
5794.513992681073
5190.428914649039
5407.580166749086
5176.712392032067
5745.599058740825
5922.119020688886
5316.163722617018
5005.69561043323
5345.944813192836
5439.519469752885
5208.797325325505
5237.292444661709
5613.687442452067
5861.815593176498
5389.682245867793
5786.516773607808
5399.999937615546
5634.7889802202235
5232.391931805031
5040.4149173291535
5564.801901571063
5919.385148906224
5960.047655964016
5084.862500548818
5264.133515728268
5781.295425134264
5224.1793682753405
5126.589213677304
5902.780207409409
5528.078390166035
5210.955302514793
5527.390967112669
5530.361766931219
5218.7434640220845
5616.03885410281
5616.814620579894
5269.359664202413
5196.561051739009
5046.913115239304
5639.60149600263
5641.34406064848
5434.098597332979
5028.089787811695
5661.800069469771
5530.426481273064
5602.656352553351
5968.2597886693175
5879.892459561811
5853.8895702424625
5274.760396651697
5795.544364729976
5741.987721294683
5479.703028359306
5904.583989779412
5023.514433890151
5920.604354159607
5598.063706635033
5449.838583754452
5696.409418190333
5917.101873658917
5759.153239446155
5027.524387285201
5924.424373769322
5169.674469456015
5523.557511635574
5714.421730251726
5279.122253908325
5545.514282634795
5263.2403322314785
5264.740415810072
5895.032285581078
5066.030270816317
5450.2513520724915
5043.5062971364205
5216.863018609566
5702.242522385013
5034.085076329232
5977.573019822637
5581.8159787126
5007.286535792762
5971.140198893706
5297.280952457796
5628.3893146789505
5330.803181412623
5547.856753132758
5852.172023558176
5248.456379008619
5123.347903997971
5323.773014223217
5663.0590733037025
5237.502099330027
5636.441008580105
5545.203948649953
5892.46069189678
5342.9245504878945
5732.669805434969
5699.158801132023
5897.661914522849
5286.390113783179
5026.426717035668
5446.205129320699
5749.916778033456
5261.266132478001
5989.839086585053
5824.807302031546
5281.014053179514
5540.235068875713
5899.532722934024
5864.403438906899
5744.942405551636
5337.5809823341015
5177.551762093984
5174.157957947171
5496.231571075181
5692.736134590162
5378.415464960843
5190.507651250907
5232.41166375663
5144.32094912553
5489.872265276083
5873.976981752354
5543.5049755676955
5950.427165888967
5463.092694893041
5426.312050186319
5593.21359695589
5518.651220771713
5079.487379714476
5471.639020054913
5162.492431497787
5497.90672019337
5141.783698074795
5934.179307151072
5044.37550515756
5836.524885814117
5960.7188837193935
5316.114184916547
5120.239413359477
5258.059953124525
5406.9119692152535
5680.209363669276
5194.5610879219275
5817.257170502488
5731.667628810244
5787.608713991596
5634.80785316147
5966.607520060164
5669.011354960806
5770.517203183972
5873.723994489758
5889.684958188215
5669.309566906619
5110.382656121499
5374.884577420957
5499.716103905733
5394.812981255645
5048.657867296229
5747.283841644779
5387.092024523481
5566.848332325494
5154.199702979919
5056.109213041138
5760.125915354139
5301.814513200074
5850.955847080658
5616.152820730323
5987.211499884009
5220.3431402754895
5977.701978069512
5835.006655124447
5174.07210450329
5772.18599576163
5324.503872336957
5644.828635035498
5528.377203078211
5720.974979543445
5337.898339181418
5637.642599071813
5444.588181426292
5949.393027275587
5319.477998551107
5405.018941425031
5935.177554551234
5790.990496308868
5124.436365579422
5257.148025943609
5816.340892371878
5795.28107916084
5154.761000475349
5569.590440585739
5556.238368564995
5340.952707719487
5156.286659470259
5556.823941128049
5000.965837078155
5326.486599806519
5804.820230457211
5746.659287372577
5485.471747941422
5236.927665542427
5714.297465069735
5348.520641631267
5174.918811457557
5089.209143890853
5362.867787914019
5031.319716870731
5344.726601362599
5665.952532485614
5028.0875521485905
5563.508363698457
5765.059886541401
5464.344540762634
5754.598437825403
5428.856189108446
5580.462079472017
5116.495289697398
5345.013307237225
5020.69204767962
5491.82685394017
5306.689669790798
5761.054889080551
5526.95521913754
5160.811329293234
5831.660895832288
5541.528301616943
5305.535345654883
5337.814826612388
5448.417767825616
5239.326852146702
5863.624229464396
5583.593763784659
5605.5088403535865
5876.451433890846
5494.551870774663
5501.162417773873
5700.266554347671
5014.224138432965
5445.933500611551
5060.11020323194
5132.418192333463
5794.16969772535
5873.892971206191
5929.316501368932
5861.295358519959
5878.05934408789
5131.905034352017
5317.074722998675
5430.551036838498
5719.888605658891
5735.375497503446
5236.149827157614
5623.073159225082
5073.655649907067
5697.630756836514
5093.01694553276
5967.5094384716085
5043.260549358769
5553.345880968976
5338.682900464116
5772.173239030175
5597.339237349776
5790.182107664379
5939.3947452859375
5143.692493522514
5494.168400457912
5018.6166708249475
5233.113850026621
5512.687508540854
5084.946978193748
5598.795157381766
5315.31873616486
5152.685172714528
5064.563980302756
5995.159037693005
5147.733818372568
5175.120858258559
5795.802215092284
5948.638418828789
5087.098471682233
5461.893982370939
5408.320443538733
5764.04276049156
5134.41841560671
5429.234418262683
5468.857705122968
5272.611810121583
5022.230656435069
5781.798542630952
5511.922199061262
5327.0162845033665
5489.723092396393
5218.03877154517
5878.291527764238
5590.120859653884
5085.5406586140025
5403.752202246586
5584.793348183005
5179.291490879988
5928.846408119845
5299.672847697339
5593.112252984825
5887.698537767088
5978.741355996668
5467.305927600923
5150.500267079456
5478.8199344995
5124.659855097963
5647.219760112963
5745.0699693744355
5628.770824335475
5279.612130090162
5400.660553983371
5078.443147979014
5886.0163706332905
5205.777345850946
5219.977744877427
5858.319597103329
5006.315047913679
5876.740239668101
5970.339402265765
5175.152048635821
5640.390591580485
5652.361040390015
5466.374862766765
5853.802242433601
5850.121217278478
5104.648566002961
5911.021551345339
5725.034937296225
5174.452930266417
5677.721759046113
5102.31659718303
5736.088856122726
5775.481741382946
5705.033489624297
5023.166851883887
5249.889344654474
5168.273572191211
5615.4074362246165
5157.026452893979
5942.351244935157
5817.04319981616
5180.786895111968
5782.768459003826
5820.949302161656
5973.848279415604
5050.887058881299
5249.970782228915
5905.140646728996
5152.00542013456
5335.279203371792
5189.188660019669
5799.337638720583
5159.395440959851
5534.291225369901
5585.4307021813165
5582.347584647637
5096.589171510532
5261.971258866714
5810.416638035498
5159.6422925965935
5479.252780076617
5386.077961518817
5307.640307079638
5022.649508188536
5721.19441162337
5588.936658806962
5765.809998819106
5667.963308833804
5025.811291704854
5416.748837429835
5160.197520080886
5868.480345546738
5697.083660504208
5152.165002605373
5989.085226503881
5966.841942547489
5280.8594332021075
5177.696997848304
5749.9528851206605
5794.7928512537555
5968.276582006253
5008.697392829854
5960.508484063974
5252.264900652422
5450.791278332986
5576.25907584544
5473.557807762547
5287.47467815562
5528.842581023218
5565.534983645823
5611.69955518199
5648.524333416613
5886.432576967708
5819.435214645598
5410.759220666356
5999.565541287713
5710.862132256175
5484.2682041081625
5850.780269901898
5243.251159855191
5044.113407944116
5074.546115045718
5559.6784426539825
5765.375959822927
5188.798809147496
5669.282758203616
5839.038939974622
5752.173002518718
5678.746242983233
5751.255875757908
5864.117994368602
5623.26916613999
5072.380860411573
5516.9119905335865
5757.420185812425
5055.835159865364
5046.088860243335
5371.235268523289
5535.532028479884
5229.848138534372
5694.850189208704
5348.341045110947
5390.190730942648
5671.276701776429
5199.188066947363
5564.464516259299
5163.339360363239
5248.406442054975
5227.131312039315
5403.041565039574
5031.531668236438
5111.18334729903
5125.066699820376
5498.9612088137565
5956.484820462802
5676.802847309023
5923.063049224122
5182.623008339557
5242.865366599678
5290.795233125748
5299.46806233035
5797.965524035188
5219.534100228965
5856.461875399247
5601.739994598356
5901.463230268625
5490.238981510384
5760.73299651418
5834.98793805952
5875.31698762116
5605.1639845099535
5933.932619723348
5923.969747463914
5690.224153639062
5721.346396776324
5102.235814028868
5918.271847757392
5838.301367413491
5363.552799751327
5002.153709632259
5181.593214004762
5544.443559712212
5754.416222699943
5209.20345053673
5490.440180492623
5681.815363709521
5040.737827141912
5277.60003556442
5026.406751525173
5022.211784112046
5359.560661159697
5776.326516095018
5567.164562847303
5562.936283529812
5240.641742814197
5364.1153562897525
5630.37114665602
5621.710281417592
5084.615946448548
5056.574466690517
5578.519561258219
5494.437801483902
5569.655328368513
5393.452205026062
5584.164958991526
5242.010024025708
5775.1346790197695
5466.688968464553
5005.258024096097
5751.114587439997
5585.291897213697
5125.7015682642905
5476.644516284117
5089.48587540335
5079.876409536456
5084.618908778664
5542.9433210392845
5146.476825289679
5791.258053434513
5755.1495229263965
5874.600488979926
5850.590901321579
5403.37594855671
5339.403924447965
5839.371972409762
5338.90051021571
5844.642554597596
5557.505145878344
5303.931955477281
5093.237299285591
5218.403395943788
5282.230120076123
5870.516391596414
5580.221714990718
5108.2201949427335
5295.7209384924845
5088.397613779553
5770.035444284886
5550.831616110781
5025.358981566025
5958.403723941314
5202.312681439741
5456.496108593174
5631.475765696707
5014.651088676
5714.991986648366
5300.580331479618
5594.459405324902
5372.044937011086
5337.9495302893065
5416.089547735099
5096.8382843374375
5304.750713540582
5646.886362112289
5854.711722340078
5681.423099916184
5121.663455266206
5637.374540620891
5094.186272667528
5149.20330781306
5871.84390119208
5905.374063274178
5532.232324573818
5653.57636473859
5768.119253705514
5221.585440139833
5470.064540913013
5627.296565218351
5563.703429269324
5221.145702897229
5007.026781789837
5653.689091144341
5715.436452750564
5534.937359496356
5985.057790445764
5785.766746887902
5597.214670291
5456.743215306595
5891.807174879591
5049.904812575917
5563.836309808731
5089.001697262616
5340.860386847112
5164.951628958897
5647.326409223776
5433.8629536830085
5704.945981343471
5668.875643936386
5101.261166852663
5045.24113639941
5795.140639341639
5270.902257470829
5842.678880600485
5444.676944981275
5011.066732658149
5894.293030437288
5258.432650136548
5608.279992158876
5674.760430709925
5613.358940431186
5219.987206579824
5919.964259437845
5627.349882004933
5883.306243687203
5929.325056522885
5026.792886917393
5019.036086483556
5145.261857303629
5651.2850504043545
5667.487061615098
5897.4841946752185
5584.323561068067
5975.100502674303
5246.484077253456
5440.612298977643
5678.268447178369
5358.654359994787
5996.782822377755
5536.821669091865
5579.359752195356
5049.958919347432
5907.997130878845
5818.153732807076
5879.600734783144
5002.601004719684
5015.676661854127
5379.206158617584
5912.179112715078
5906.3238072564845
5827.20068171487
5297.4101106887
5259.476407072738
5478.277414400388
5541.418489381735
5934.503635452436
5452.062057353793
5164.109899741686
5368.802668879939
5860.596332934727
5300.667849263871
5551.887226283041
5189.975852082012
5031.664820594746
5215.962767800987
5208.892831368674
5374.681936062825
5615.133509492093
5416.284459116592
5269.60426665922
5419.416798771256
5587.333298861332
5368.785955028271
5556.902239974675
5762.800702749443
5194.2213825389335
5551.16885843045
5891.928185890251
5012.2705187039
