578.0356178273495
725.3411699271155
973.0292572482551
943.7302933726382
777.9751353789393
783.8542013660483
904.5465630355686
550.9664940483333
785.0840328803978
565.420602710322
569.7125202423456
761.3553785645056
556.212827726854
802.1923201035979
548.0158402835614
952.9675794652599
803.9870997025962
684.2198305549551
759.351430499813
725.353497382664
984.8918451096135
953.7859751310589
872.7886092503153
921.8504109796173
748.0483138649206
539.4270217762737
588.2293103510203
591.8930887878317
872.2827504585778
830.6325653041775
601.7489098762767
650.0771381951581
915.1425540436111
615.8886948350751
839.0078691684014
779.2847489340829
858.6722374499666
605.7782991060739
640.3784131658138
886.5279943313087
834.9580963205088
505.7815025343403
805.5258742941055
649.4795768156732
580.8772112125384
739.1082645044444
631.0482082940805
739.3640688010173
897.8873251135683
777.1029516979565
575.9683282622983
923.0408820668192
629.7039464979861
692.3408912602029
738.771119025078
980.2640455505311
649.5878652549185
981.5494295520994
901.7210432324941
943.9960964134846
527.4307938550054
642.1520543652609
624.6483180938326
750.5531580643724
780.4651882398932
890.5247474819083
847.2064144420514
508.9254200725856
949.0671498521051
930.6931351317448
779.2636697949305
926.4355984904942
735.8909991382759
600.5554101693441
764.1180403255413
765.7342419100671
603.8887805618946
805.3934127313704
881.8619904141128
996.3081507018499
726.4245838379453
563.8014801800667
679.5488233648623
919.2521444245419
804.7146303399929
778.2428608663704
539.4302983332003
952.0377502712561
507.6681945854082
796.247719837623
711.2337059414049
614.8665081614006
870.8842791242726
710.39011807902
840.1624868754285
944.5389895902418
684.775993112279
892.0054766161784
942.5866128711638
678.5231203263186
736.7924982368492
731.412951359859
783.599970989932
999.3945440991049
641.3110074554679
562.4262069208037
994.0579391701331
895.0114559377132
925.7455445252751
566.3730004060737
947.4199859106637
680.0540965482744
914.4020862891646
867.1893746546428
820.9099397156344
545.3004524397487
882.8953729248391
972.5486266346836
592.2002922612613
778.8475112687097
727.7045334503212
822.2649837890177
677.8057894781873
947.4831956365877
712.7086436024148
558.1793576018503
896.3734181133549
609.3809245079368
750.3170113574209
921.0183913951258
853.0683262483352
515.2482063394555
643.5021887313976
561.1593724048503
538.7092517024431
606.4268218076417
712.670594487442
658.3562871686178
713.0246159806921
845.6042871526588
847.015028372934
658.7601452434208
949.0660351096404
942.6573772952067
631.1649749652642
507.5395714946154
544.6025262711767
511.9864266249824
961.9573239918511
542.3497768144811
950.23699839237
857.4496841584087
881.3177128080482
887.1031467114658
995.9792851399322
787.1001249106288
949.437141111518
777.4973768712744
607.3435813116714
510.73074367681215
648.4815319733168
686.3073825839843
524.160497216634
808.9353022150492
674.4254066658053
947.9371841460204
999.5845785697077
927.7579053492047
959.6200951817817
817.14004055136
861.6165983341696
794.6883757843682
594.8930734151331
587.8733669968445
774.585492525677
815.7023772888151
546.0715565998296
975.4667349703363
728.3865604741038
652.7149082717011
610.8754490199831
769.9125412540435
953.7531636007834
853.5861598373785
919.1599854577689
536.9035144768944
582.3310771333397
900.0082373283733
816.8279952795951
857.6776885533559
898.2738367260941
613.0450171099902
555.8495631073539
812.0153806373012
909.1145288135056
590.6875038166087
725.4198332471067
845.3178562528146
798.6634108339911
680.619067282161
875.680442595901
938.8440056408158
660.6112191287007
724.1005436802695
671.5011277182102
692.9516075204224
654.5002287510938
926.0106703135823
713.5785040263152
515.7500099267943
896.5211173543132
656.7217447115988
840.1983622395653
955.5311787967743
724.1668962240749
722.366261952194
672.7896813669546
526.3262119028386
567.537781022222
848.1839188489919
695.3628352562632
913.8641717790724
531.444940294895
545.2905526079369
943.1370534182367
598.9015446634393
814.3287432110169
865.2122998412972
968.9962177411104
834.037523143656
678.1977163069693
813.0378080965576
873.8560943375279
950.1452334489259
938.5764681995206
866.8927478235103
712.9721188659912
697.4342371891607
892.3486880259808
763.786980645098
723.0668991647843
663.1103685449388
787.9151729625439
810.2902554882812
815.804932372925
724.6685157396192
946.3652483380835
649.572923845239
620.5032111742889
975.2289093786737
681.1313313838434
673.0480078662486
871.6740111387762
623.7513534419994
844.0898147070146
987.0769985565296
605.3269134213893
542.1357288931006
902.1972938974769
572.7219414393268
745.0187618533413
969.6008530373222
622.087786342606
890.3015418236231
505.8067080590641
943.9259659387596
927.1916997291237
919.208311565335
739.1336679533563
506.64009256154645
923.2982271306192
613.842063479465
833.5225033180818
534.9302917420281
977.085415210103
531.8337470382535
727.7826848827824
674.7977381145179
666.3475722038161
856.4003582586679
676.9735328685256
557.8586970658572
928.2348537724342
789.7841601661503
639.59946459086
650.5421436836521
571.8196435200899
745.5392039304022
516.020056837117
576.2712995980467
776.5004103850828
891.2594495331797
606.9292832177787
684.6351042094454
923.1493051815687
705.9340758727773
663.5617974737502
536.561825697066
709.5555368875341
658.720803212118
648.9172839358623
525.8643944012505
720.4239301720918
689.1247639667778
561.8803368840403
969.3232734780313
594.9146826350105
729.8108722299824
583.4860433483257
768.9958283509293
652.6971433565768
607.9075249411629
696.0377440824313
514.21708825977
681.7612672515177
648.1154665001466
672.7291302954462
747.3065867151113
511.6045970818962
516.1793920579779
963.7783467316206
716.6297244798384
996.0024929658102
940.2771752405881
868.9017252556455
967.9968083699814
567.5153822025744
966.0027353448497
722.3829683493972
918.2481710918396
830.2164755269807
597.3891160565702
673.101520521079
978.519946221681
689.7476712716826
799.466572737074
505.3566142959103
705.2077221259686
551.0218791349947
552.2765080979248
767.5944210249679
762.5760561628321
842.5617863764871
836.3831669064944
566.7938193164771
512.1124070983064
869.7358702480465
966.8300190871942
864.3596360240933
662.1408541074785
800.4085513299287
866.6547574955207
838.5387097138344
819.7054354506254
547.8151718187976
638.6448101630549
927.9949846712617
848.2855411224731
756.0347761347621
617.7555149573265
949.5410370564973
737.7118115847707
697.039978778265
595.0009659165396
756.7515175640212
607.9014714059722
522.6266526409637
549.6480104620075
609.1399933662659
501.6967356454811
929.8054476088278
552.251206642434
685.4033975065819
658.7543220607545
560.1777799257105
672.3642150720015
773.2519282231067
583.8507908671586
559.6281187349953
685.8832255109107
603.8247258948596
605.3504088818795
578.7219596434583
856.0971108942274
630.6777775598252
845.3723973301643
679.6173994081893
530.1443195399796
847.8705000661386
602.837832900877
851.2650631991032
594.6474787652701
971.269908738689
891.2558861617124
603.3719303013522
877.3151747869839
963.7063495267307
678.3414246088998
647.885540742172
993.5047716561924
871.4088057976353
935.9826097911046
660.2174511331675
763.1815378690603
867.0412688399724
876.4351034047534
741.2645154349345
729.7960046829952
733.9296161934941
740.2535674631284
635.1627816419159
854.9045255163453
651.6490611131901
779.1014111705333
734.0050793697832
515.5851314851403
673.5857019687934
812.201951050085
756.3834205827159
915.767437727191
982.0532810946079
827.7517996347531
550.5385903124812
875.9963463721667
883.0256894883503
676.929710156119
932.497702362982
996.5389982989657
698.3364343301845
858.4430788092211
667.3412414850734
561.2760364989259
908.4440758959167
843.7177853647713
769.3684840604956
996.8017624944175
956.5929016418908
995.2537300377194
837.2628988562642
621.4841514198176
757.380316915694
867.9642407360564
550.0845168997049
906.0330223873148
638.0100660834635
792.633669130706
587.0995884788157
608.7597141638008
512.6939925182419
964.5809093690976
852.0643192151163
665.898286760829
660.0240525036173
719.6982350958084
785.0522980921344
644.0044102069476
903.1624392032575
658.1845052865764
919.4417748351088
599.4041234459253
884.1588341613149
956.8491616073375
791.4023014060638
773.2332695311218
698.5764061647669
900.7553751169442
913.971493956006
718.0927095444147
752.1405980951187
942.9145974126491
669.1439078100215
656.9509144452477
653.0205263494028
750.0293173067719
551.2703654180889
891.8534753097532
714.7885165016739
899.9487462348374
648.908076524167
527.554036606543
607.7386483932074
906.8790415982012
725.9114658074257
554.8659622961329
540.0069586708607
574.570580577915
886.9078785263812
526.1674480707786
900.0697233351632
587.2974596183221
817.5985579797893
895.8605465943253
981.0817441276906
962.8590601595532
629.7865229219003
604.25888427994
993.6268454114553
673.8064855910706
810.1999840289427
735.7448941129194
666.0080307159353
660.8056564013051
722.054329552274
558.9334537696255
631.9290767586949
702.2740183329859
986.7203106608818
599.1219586684082
920.4906834987422
592.2626349490004
779.1191016693411
969.2756565856533
522.2308644394715
544.3524256182426
824.3810153038385
610.0995556488538
980.6479679693932
761.3914744809676
969.0927073029377
916.7737325434009
502.02609328743335
791.7482398109502
746.7725949506055
842.4123710895444
714.5778531431388
772.9430740346631
851.0878936715189
754.0522972284621
535.7598617553651
849.3672107630472
766.4883691211352
920.4199427899762
694.1896005326607
569.2901300037631
923.4782755320985
837.6658779431999
898.9179393182003
677.4672932370445
690.0082202340154
991.5219647998741
503.25269493254325
914.4149830469592
980.4643867894974
925.9436450730047
697.5195466289131
646.1821376954367
802.1497360512924
511.9439325957333
692.5485744729726
981.7664379993024
753.5941204941876
548.8112816927287
708.8980773962298
854.4282505595731
550.3589785553133
974.108288926223
614.439140230705
720.8248510220774
566.9349169399061
779.7679906407843
604.0726314530715
764.420065404521
600.2373877936138
983.0178430219673
975.2324492812072
845.9272898565614
677.100838264011
714.0217743928553
911.4640179652523
590.6814708729249
991.7354604358418
850.3089544537052
874.2730270273541
855.1646636574544
627.8308703720579
571.5250363753344
955.2257115849526
858.1698063135807
957.5224566090792
626.7584122324635
741.8137266550651
829.0182777121586
569.7950746034743
643.2672624240782
571.7223597053243
766.2837657590035
657.3594322868586
766.9210353965791
787.2994786887369
567.8319614468876
873.3330470336462
884.577047050268
662.5013374841159
752.0866519874253
506.3618488664328
741.006860182882
775.4914898030759
752.0072764511549
774.252961788005
611.146439203818
796.4065255454764
525.9121103479007
726.9971370839114
913.1727101369845
562.4672275050993
860.8990928104995
636.8269335465209
517.5972676916219
556.9788371033318
985.9217375214841
798.0419207900093
719.0380854497773
593.6001459723851
759.4929615272254
542.1956302621304
844.5242728266556
808.4181726206448
760.7407925610075
957.47239093679
899.7738483630942
647.1758360723102
973.5591703638606
850.8383009112613
670.8586502510555
694.8443491815915
844.5699925616971
733.4908737041168
702.9229242220952
964.6254256170946
865.7688044012907
802.4746599778733
728.64206896605
791.2046315271659
984.3182113124811
664.9727995006211
804.2446378332776
642.1460617310568
614.0829148941609
646.9262776822183
813.1238509155024
857.1026707390254
746.2772666069545
822.756201007172
539.3333591999641
859.6093308875924
531.7228761956352
537.4102518130512
688.0857707385853
980.4410419510898
777.7394392435689
661.4098988039029
812.9736136135436
596.4450024150741
907.9273031533373
840.8699149718713
757.8253415470413
741.6969778899239
942.9353553106063
800.7849709095867
951.2184123919402
774.2799835032238
521.1698334693234
882.701095414213
600.2105999717305
982.1610907504368
748.3815065286033
866.9246114095745
616.1206933644936
887.2350032767386
779.9453774121943
718.765004396125
763.886204626639
609.4171161475263
935.1807305062189
722.7390756365454
652.5685232700847
867.5638077337062
866.8544860955994
922.0237680967257
842.8263610844017
645.0099855995708
737.1088480593315
551.3683854555661
864.4114730500909
758.5671071779236
813.3247395120525
840.6145401756459
924.5498348580305
805.9536470254598
946.0103857305647
989.0005623215181
659.0574870928889
988.3598700297404
669.4103209177855
549.9755856517093
619.8967774634624
529.6827522568801
897.8349732918366
813.7624681575173
613.2978058566086
849.6442767682324
846.8721961671755
809.7291106097439
606.8632515067698
831.4239318627933
614.2687282169502
981.7364962617798
563.9335320294078
569.4230661741503
808.7840494640152
935.2694301232258
971.4802092945035
711.295931608469
579.5734932709389
988.5348927168355
982.9142337887552
592.4354139676
971.2186971903293
916.41265288816
654.646703072171
819.2575859922532
876.8233964310277
638.3543774199484
618.5788434922117
942.9003037568064
618.5091335198179
848.2552775434704
887.0178174612856
547.1326907306237
523.3491633022968
684.9189797761957
987.7943984728781
931.1517874281316
734.5382570205784
913.9497132306828
959.3662972406316
887.1738374855711
603.7542765177484
583.0937693434033
709.199776820675
673.4624062900905
598.3893819612385
547.3357312971535
999.7848567126754
709.5714823489615
948.9157298476496
777.0485399957402
587.6741702943351
700.406583341528
813.6344471672837
730.6317059155705
591.2840634741855
560.7225725034374
719.1824835896332
955.0127140907725
713.654764316259
864.6642924383921
633.6215783944999
967.743945841223
815.8587250539707
741.6593636116795
901.4074894004721
566.2096569996514
998.4116941054756
528.0701122958136
791.2423071046892
644.442899580917
663.2390787052641
567.970936732969
642.9134724896212
644.8861179541528
705.2786600469001
645.834658165008
628.1063591412035
524.3115021432068
754.1673879681823
977.4809767788183
846.076122806352
518.0274992532388
952.8862580006261
815.4125595439994
727.9610786075168
830.5358739339601
873.4780637349388
757.198141589206
775.2114961286185
719.1321947837681
843.6975013555559
505.8579217192048
968.8915799080426
774.2666914025217
575.2360698281192
534.7871655369814
522.198815445308
784.5845525422501
565.5245422268882
909.3776570455246
995.2236382206978
999.4732357181226
776.3487274892519
697.7264101883954
598.4053019695033
581.197927828481
826.7802294874886
759.641714562807
578.7529047456867
504.5474251550353
806.779799308137
569.5763399954409
901.6143509205153
666.4201613147827
831.0568399704107
916.0375436449358
791.6066454932054
680.9189137921217
709.4058959095424
763.6828047519975
602.6105084275879
759.5137039528131
896.2878215773626
698.1662109135362
939.9443604885614
801.4810988080947
964.3252780226408
508.3046370080478
753.3702110126753
576.8294139527527
512.6647642350679
831.2270035527097
674.6473479892882
704.1292840006726
876.6296596441161
666.3748859772085
720.2029190524709
812.4123025491483
622.1861722304551
994.5742130968711
885.1751262988838
841.1491373412482
815.1295710127997
560.142398183726
904.6313359849363
871.9283770288912
796.5435612402198
545.0877241586461
838.5540769719323
978.0653373537115
545.5275992250233
726.968957219934
573.0229607414317
600.928979916151
661.9427523017465
784.6600122139323
579.3102823901365
995.989039190313
823.4118385614772
600.7128407382537
686.2536872964574
518.8734349592515
565.1734095575439
606.6291878283565
948.9332234725168
669.1335250779815
614.712944862808
537.7880028091595
797.9011280677008
731.1104044659675
533.1829930795116
673.6190661875514
900.5996538663829
942.2135879049242
895.8935911018854
893.9288676609917
705.1913305382635
538.1648100621894
761.9897802380557
693.4011570296958
523.9617814636911
592.9172518876493
661.1017858462369
578.9600321179489
700.9685926626701
830.1288615612253
822.1954375336474
719.415444130246
858.0288863019022
858.5299740744492
612.5535377737726
887.8569111799147
642.6545365399775
947.6280468681648
553.1425931176759
878.053631566772
747.9291463340735
591.2136525543236
816.7440478234328
609.1681739620847
926.4459943415745
652.9517634840971
777.6600238332255
884.6831889584435
673.3224269789622
633.775305711407
602.1841113492092
896.4062635239891
692.2752356492837
591.5205874973503
589.4581964522541
902.7496095716883
975.164378653525
729.8747656551541
586.2358784354221
858.3354944147684
806.9951889901076
617.4451830062404
987.0244677734219
997.7099180547469
812.9692932785902
906.7001906633889
657.2089885233868
773.0277373406127
797.3730001657797
905.0058437080138
646.7058024915516
577.8604368921834
617.4706164805558
917.947943598817
607.0992021269276
789.5327239887106
665.3246840766848
987.5402644958223
703.6059236481251
804.9592045464365
866.6134937392594
692.2013446271817
552.7944772943713
991.0129790267765
866.1280563264481
647.6579478218757
735.6888276763111
689.9646918699259
747.7729690091714
668.1793051367906
510.37694233923094
593.1002622348701
660.4528227033348
770.577499441933
859.0475378150816
991.5155152599883
504.1123698228115
963.2362946874349
752.7441633331025
559.4771074801739
895.3335596242131
753.7094652319441
804.1568734406477
537.0300499118173
621.5911870373046
837.9197341996751
628.440384518635
611.4597734099923
691.3795294789604
653.9757079157774
577.8156451827655
643.6947901796053
618.7585586384328
796.5345247567675
755.3760966616803
508.01999304682676
617.2818489105082
925.4087763851797
561.9991728006743
632.6683409885006
833.8056219534215
907.0705666715617
617.8580648890986
564.9208178404401
957.0285699055307
854.1969749256347
688.508953828509
779.3768411946875
690.5470115188156
538.0556253316464
691.0309048259461
789.4250286479123
576.1108099198083
754.9584729364212
707.4597732902427
646.0552865838891
603.9891754938781
835.6826803077754
997.3240171066961
914.9110103911919
822.7853664760244
726.8261607800406
579.9316864287572
660.7913471873898
746.0706225141564
752.6180417473663
923.774040338732
833.3356010122945
884.2302946008489
723.0912372563323
624.0702377678425
644.9036558379028
594.276497791777
866.869793768933
798.1215661152057
531.9339745486934
688.0778374514209
546.8146828199914
743.8484959650175
878.3827988848121
936.9454398655255
606.3189797151828
664.1572426615215
811.7201428338471
786.7010215393855
693.6930922278756
553.9047578617617
603.1518311214852
543.9185477286114
726.8679386805256
886.7583743555779
922.3536375531803
846.9868029190711
562.3248088650471
547.3490570422395
644.9476204442298
552.0697496224209
657.9297892494859
705.4176721781348
532.2570901400268
817.629221354928
826.721710117024
516.192142495097
855.590872351708
542.4453337700378
632.0801494512424
766.639428430235
618.3094302924478
983.4705816421355
949.8469975226502
654.3711446962832
783.6199524586116
997.9841753974306
591.2015426833516
516.808382770247
519.9797743492962
896.5132182584352
504.3757722274131
629.7275617155007
788.4884501938934
553.5644963632556
637.8110356108184
565.1267529400203
662.7941973814571
566.0523010541807
945.0209651032476
586.8726527496212
688.3560679521636
514.7958153637543
831.5563805689717
904.5676647826157
909.127135353714
904.4259952142247
781.8407021401192
946.0133161493907
803.8975782696059
774.2737187991436
975.109388100991
612.7816518173298
669.5550806423591
516.5844684829451
996.2089670322965
871.4268034811884
824.6247710914605
894.7199925974637
923.6425537440618
911.4974804565076
980.382858580785
642.7628712373527
935.2139873970576
741.3079544085529
776.2325992075516
587.9578325543138
576.9010848122128
631.369954712301
704.5828933137662
927.0572579711807
536.6758127754268
635.4348800702934
811.1780556693982
983.5468931313635
601.9767990366144
972.559680257059
652.6758637458915
516.7137110645936
678.0588081589349
503.36165075291103
641.7853107286576
801.8077690129243
504.6789838390797
590.487231453658
597.5188466412714
592.7695893113726
792.5260054484077
528.3618490309248
822.9909031625982
687.1787740688258
596.4379720181437
505.45560646056725
795.8297385921835
755.7211810664381
556.5328102773943
604.9832042874222
587.274783127594
677.0787699105493
939.3509255142395
504.33506906878466
659.2369624647431
557.2627301434391
926.0382917601983
953.2934186280568
660.3598798189696
571.8969206211332
537.8484266857836
994.8125879657772
759.5543661716977
999.96001887801
641.0752552601512
545.6286336888279
615.6079416271941
762.8807556710472
767.3538860018225
921.8195202676286
507.90619936050047
827.300686011655
951.5338701071732
690.4669370672566
700.7701978250066
664.3901080275848
599.6905780596112
733.9889855958363
670.7461372023049
676.3007850247759
669.771540601591
517.1881071419856
538.8799229452163
794.920471134383
653.0588239453514
690.5294502435612
988.565861574623
933.1961318061219
987.6020042709156
837.1509511775432
564.8020510503399
896.5078032410231
896.9062873479108
696.4546528353258
655.4837621837141
574.5439907691475
844.8832745040386
747.2801768711527
843.5218367269094
578.7899990931626
792.5215064878728
518.583652793938
532.2244382175742
500.72442073112705
543.2190728732425
930.8794639501003
611.2485590801177
862.6994993602498
756.8399042841718
829.7289716925775
948.6692997723975
820.2805861743773
922.4921736078047
928.9303729531172
843.6627841430934
923.1528795705076
543.7365574995458
542.1942892716903
525.9505157600407
658.3285581811409
899.8787516470743
987.6068167114954
637.5816968937771
634.1792500492778
695.1527059589466
894.1966890126232
529.9772082446177
851.9856436482713
617.0211742691167
667.3735469297512
619.3573064685202
536.1830657127347
553.3733929261648
845.0629741015164
800.0286905638318
593.5898907175654
653.9108765338916
815.3310948055916
908.970453145691
547.3372887058445
941.5671873799423
810.1374919744221
526.4109403152537
956.5067102748565
505.755160178548
735.7364739759539
595.507746985248
890.170656388565
874.0392198024238
552.942925286819
757.8816657430464
540.2667962612427
637.4004804491391
799.4130076278836
795.729627113358
546.4801016124604
782.2476003343214
589.3880986111532
603.018558332975
696.9178666346106
924.4194225233498
535.3947912763717
628.9382662759173
568.1979848451809
819.4431297670542
967.0853627917332
642.1668696799209
619.0686504736257
767.7421321957244
600.2722797802071
883.2710347565107
516.0288412867652
835.4313618666125
627.0772124247952
677.3922859229762
720.6236731937329
583.1198776839913
791.3102014832966
853.7132982954317
835.2732930680577
686.865393203769
760.8247862614284
869.970117902517
658.3840578238579
837.4275865193447
647.6394984362668
930.5668883857954
669.7694761802876
641.7514339282125
652.1188891814878
591.2544300539012
697.0312069700233
722.9853416991658
693.4054334911381
989.4634924823895
882.2019191190843
547.2817084921771
722.4103527534861
834.0010659364875
831.8837010190372
766.5988646290634
657.7470881066073
626.3409442325324
694.185113241551
912.8565699876998
566.6350782397502
891.816510964893
677.8110272391691
769.8560683597777
807.7932570145408
635.2805452273869
916.3581246745291
710.6595475529184
703.3298775601017
994.0879951026892
514.9335640451433
902.715275079196
908.7828971730522
962.3745571993236
552.6193208691407
560.8445407217366
549.6026022159991
859.3817373965373
600.350493276949
692.5086087324114
779.8922547875029
548.9364209166127
568.1758755627897
504.5594444178463
716.9503232160671
794.1838759547294
610.8507999164195
887.1560676903306
686.9050500892214
825.0763983094585
677.1713519165545
805.6018797363922
863.5270507831788
581.3556603940175
564.173558768045
528.8755243620675
852.1693272670148
734.8660591573886
792.3840166484977
865.4324542176522
637.9620124891131
987.4451405776783
955.9743308494901
569.3887186724766
742.2384179063431
576.504062640791
536.4845948947134
890.547566288463
803.181504696272
990.8338271816567
746.1273369955422
639.8428946192087
795.2888416009355
894.1044585804816
642.0057312486222
628.2636360932723
550.9498406962182
860.505496505363
545.8587062059186
925.130628733689
573.6804768049249
515.4657587498666
766.7614573805778
610.2678455968424
597.9754259701416
548.4062299328658
901.89043339047
611.2126434889595
539.716160832652
820.067968428052
803.0705864690982
581.3361097410261
871.140311875178
858.537460020679
850.5859737736994
778.8468392828636
540.1590047035482
728.660422949764
945.4883580027968
754.6072311635453
985.8727292495731
617.351687275643
666.555466671906
540.4489611420877
541.5319673960771
973.2276107427739
540.5275800655247
974.3215232454793
916.6486448806648
881.3591624264659
688.378728967268
530.8838570287246
604.8739420848984
582.9425092086157
507.6686109019034
835.0639555837865
747.0686760739038
821.0579050901679
513.6472425435519
840.8983260515188
997.1017822613625
986.0827083344586
640.4670021109218
790.3385044463898
729.7009133207569
929.6188293758668
731.7797323854182
887.5460213137887
678.5404893337568
846.6005133729382
694.4319918939385
551.8004223353338
606.3657106559424
649.2606175596017
801.8811412732827
792.6359773356585
619.585182572223
702.3108844745274
662.1539458095323
684.9398447871394
669.2914663960945
974.2588794444007
690.6681526019123
695.5781632832197
958.8594019481479
911.384455696447
510.03921580784333
864.4993502848764
523.0528809327741
522.4700125521041
732.6750847910682
977.0724278419721
761.1451308940054
637.6079250870032
653.0668873602506
587.7707634025743
755.3392894148133
783.5461777828446
506.47561588156435
642.7058210970818
872.3990535529905
824.6888107522213
631.9808143615534
723.7475186045585
848.0489911885184
710.2006164517978
590.2804527563285
621.4839959898869
930.4950118810358
734.0450828686729
520.683252729919
673.5153635758344
572.6861284970471
658.3037809840931
528.4519112099048
673.1605395907986
892.0546179485054
585.9315206211318
787.0226175908655
556.6150142285646
832.7809460348533
902.3455760560382
527.1774498910377
781.4666201082391
596.6345538830025
825.6090244046479
686.8513698826115
816.2504118501108
821.1869328152537
695.0498549434257
677.8396406870454
551.2466776319856
517.7810699827597
912.4129811806345
937.9428069711537
744.1841007302648
678.3281384437545
609.1240152636004
925.3356861490603
754.5706319045519
538.5130931249697
585.6208248151629
776.7209538710513
849.779828868328
697.8748267128028
926.5654656796695
912.2845691798468
753.395800892953
638.6804759561094
802.527973342882
551.8972770369708
576.9422040090815
759.4477350324136
902.2934725385063
746.6812300168217
713.4303502617674
662.2810560737689
836.1210553003492
581.0944696821864
745.40448026589
523.8633834217544
553.3326549726941
800.276910860847
728.7563881636911
638.5163229283464
538.334659930453
547.6445975199484
891.7415303039218
515.4701424542345
595.2442590043137
554.5257857085439
715.8275760521875
971.815511035694
551.6808903067035
754.4118683979491
956.5793536613628
890.7603837583099
655.0331500756851
836.2258536360239
797.300829597581
921.3557668579151
848.8064612828169
629.5760977818557
568.3026124799396
607.988776825261
866.3462757806249
770.5235616624564
910.002201742961
934.9456521279387
687.2520409001907
772.3907566329382
791.9979545790353
531.5864940456306
960.644728693682
849.7320849389118
542.9957534929765
598.3155163439384
946.5659435761777
671.4648954662975
556.4977089126728
543.8463900117946
877.9185596585878
823.0342926106111
598.2243103496775
757.4986144699226
888.5720000967118
816.0226493861928
630.8286446378631
757.9244689583338
589.4750824270695
982.3860684807455
577.6522588613138
756.2032637416363
534.0616442375995
570.8595248012289
710.673587387998
515.5374498565357
675.4265952836481
663.9940918520767
849.9603213978944
564.1273637138696
946.6812958784673
949.5237792069408
980.9084365431527
586.4033425869993
681.7155496461748
513.4697627858333
624.5665702844566
627.6390753377716
870.2876873740249
932.7626238013631
899.2954879697479
959.2898292730979
560.4975170993007
790.9462776152177
907.5496857049018
729.580676733394
738.4734515741923
747.1524139537432
510.83972608818203
799.8653096413973
968.5377521876351
841.8484282197841
841.3834743960127
595.5765387917577
870.3491132966253
860.4337972476904
992.6894139919158
784.4833886422568
949.1878340859855
841.1076500376655
844.0389730563829
758.0702062796115
898.6690074988762
596.0371360858287
682.9976414660268
552.390960436509
914.6394305820152
665.9702327836932
777.6099743294399
535.56042161693
504.2314126106331
859.0567934500257
825.9808372503735
882.7761853176678
673.6452033154524
612.1203389850627
816.740526726773
895.803733893004
738.1581009041382
529.6095393220639
555.6018244647548
783.0379127664501
943.5296227472801
963.8683967727
635.764562522731
972.7635086532271
558.2931526100252
726.6444252268531
803.7681968371717
594.1126083651991
533.709461279852
582.4671024772167
898.5356780771916
929.5294625100379
563.8237428473268
907.9534815617508
812.7261557468307
595.8403774024528
518.7948651134932
940.6656193831841
824.5904860314856
973.477439914195
772.0887359609998
855.3698439918526
766.2414051310934
978.8025852621429
799.6917294372848
935.4208494550486
688.3972627817824
871.3374817237786
979.5849636969408
551.2336978647681
593.4080256458271
759.0362103234474
839.4568715386879
723.3500692793768
698.6902930062354
606.5386192918422
511.9442592925834
850.9760472325077
711.3311324909733
540.5201311144709
805.8687399519713
802.6558074225433
644.4767717897554
865.8662580911612
741.3100846669354
630.274396248913
582.4676469221787
935.3600817999875
899.3263049871302
932.1477504378436
951.3821845798914
911.0322060425095
876.8731462790736
790.4640445473001
722.6951803502764
550.0844707247167
566.6284291325226
692.3289557119907
913.3789976105686
969.211532049183
694.7673900305828
633.8636026802462
736.396616492251
984.2325559627344
804.9027323430771
971.2137935174818
765.7519234825114
907.5785496262365
642.535982357069
626.8653225055594
645.2295326771338
925.0041332382251
875.8110606223368
820.4204337160514
670.868800646451
605.5521208471257
657.1912428563685
656.9987365867734
708.3938038106382
743.2550057415006
977.670857299483
678.833924491244
706.5167644768061
910.1325359408524
778.9532202517576
731.8454427797966
765.7487141557831
843.2915186382553
504.6007971192161
522.7689350640809
915.1543457433934
892.5297662389643
683.555932631587
804.2071484201199
509.19208073125685
587.4594434560964
836.368573189386
597.9869737623304
763.8700527950505
656.2006866920677
991.1350661436516
870.7471406945076
516.7451763272909
786.143516602009
643.8964975086014
694.6806993234472
839.899492769466
721.4416459030695
574.9549732273316
875.5939001027037
714.3183396935965
620.3739472541184
872.4063787691476
561.275723709428
664.299053124679
858.5793880371887
525.9375773979979
818.230856611041
763.8377059586194
947.0748814431712
677.3868797388807
989.9068735001046
517.7167183423725
897.5010595794223
865.0106756460895
522.3283361484073
962.4062669180026
820.7599561954185
539.3361288882145
895.4493615315296
645.9635760502088
909.2555414875562
823.5741433151903
872.0618170578659
616.0514356069854
553.5873352755589
884.6593008898358
930.8077344330336
640.7613903037841
541.1567661438968
857.5709423244998
