0.3993185455073006
0.3104380643053559
0.40171134344049186
0.27005434448991017
0.4853204058864993
0.3377633286406834
0.1698230882192021
0.2023244898089133
0.2915696753236231
0.28373413680521176
0.28687660012656774
0.13672025133134535
0.4011452135130268
0.3688549758083455
0.44165357784797354
0.25769423005373837
0.4004305755245384
0.3714759434067122
0.39784454821080495
0.4338751907974582
0.2049111401394178
0.21740723558070668
0.2322439526447041
0.4877897235953953
0.110979056567097
0.3330973024344013
0.1552136286976826
0.22170075955292604
0.3952738819174114
0.2407852781567662
0.1841925776748906
0.28636398639561256
0.10390216282301386
0.39846471963301977
0.48842326916976697
0.13708324575398825
0.45532623193634614
0.40934676822598415
0.10958215140924597
0.17899820535818198
0.11135496127466325
0.2210592818883016
0.18247209871357584
0.26994714394357433
0.44351949362845267
0.32952421550050637
0.42293824297125326
0.324364854035167
0.32829576763688484
0.3568262232413939
0.2595576755459524
0.28068701385096795
0.42340409183492156
0.2303178362702584
0.24455940683367908
0.463858071115122
0.15350143175806472
0.4924376311643214
0.41695960410252586
0.15691918852259665
0.3691097684777783
0.20937276503126637
0.1669054631803244
0.2669986887457879
0.31818906039997974
0.3030605930343244
0.14437719253927273
0.3102945325460958
0.23598261218624672
0.26062381372510635
0.14543032617272905
0.2202645475588521
0.49181508276768515
0.14959518163251523
0.1455395730877351
0.11938614691808191
0.31347584402645967
0.4110059993181936
0.381770690078571
0.2642662433971459
0.38517424647788345
0.4542402942498799
0.243826851239192
0.20820518702551413
0.2690640434100864
0.4715325928812183
0.16544142679484752
0.2593529506716802
0.12103281396858595
0.19370744338672688
0.24200364171345645
0.2160162122383983
0.288672755259922
0.36176403891054854
0.18854152526782386
0.4553870349737328
0.27330452391807325
0.312260136573614
0.40945945803059414
0.4904735242449454
0.2961487958905036
0.2945500396765518
0.2209330633732366
0.26454593392014825
0.3011109651995095
0.32794463383563716
0.16456182090316665
0.38879047612383477
0.11906688207436883
0.43805961996757325
0.19569398845938754
0.3031977404818958
0.18299866955132732
0.28572498624746057
0.29021218026461143
0.271170897391124
0.29093208363993234
0.1334537030857361
0.14687582326146884
0.21919810556746688
0.47082905071612324
0.3245763386006051
0.31490006022482075
0.2538729316169098
0.3659291474149978
0.12710283042205536
0.34096033717040847
0.1269573578108862
0.38922815351882156
0.20521512284919227
0.18130581790996125
0.2349344422569152
0.27474287951659493
0.3865507748377376
0.14458263130227642
0.3137063833423883
0.11482372358532791
0.4260236074515785
0.460884150322617
0.15020482642780572
0.40320558965707587
0.20226884453350796
0.10795062175116082
0.2862041497241683
0.3872222928444643
0.235989100589519
0.24940865466532683
0.357477240956537
0.14680690637689497
0.127998990116445
0.2936647286086338
0.27032141552455413
0.38115998340424484
0.28462210173699987
0.4391094282235377
0.11475895584579217
0.18969631523381614
0.34077314948418486
0.39332149443090036
0.15286722598952407
0.24393710867211912
0.456519483945247
0.19415734587584021
0.14760418060239597
0.10288955385147053
0.12562984274760486
0.43223003674550864
0.4084475021529336
0.11705991750068617
0.17647737434058086
0.3477730409647952
0.3273175548559944
0.16893793051673767
0.4178629576058783
0.25597743209175006
0.399984868220273
0.4956542740656681
0.44869800468870724
0.20581989913859716
0.1016894600647059
0.28606789321866377
0.4472545161161122
0.42667885786714466
0.26487937971761455
0.12375853835887694
0.2524490028776415
0.4290441621317429
0.24806925737107866
0.3698729712661841
0.4808088760199053
0.22078785822204688
0.27387509158590584
0.31863067066424955
0.25347294543490273
0.23825272361405825
0.32551986345204353
0.16320274892026299
0.29389268048602385
0.3610137977064163
0.3650375482599406
0.49222817042965294
0.48372694001307304
0.42824924710059664
0.48793077057742174
0.462915638398787
0.462144416574208
0.23466772890417867
0.2856630885621585
0.2946899917843506
0.2899717942394563
0.2994257706239172
0.15931958451644662
0.11588331457812112
0.32672753187946124
0.20466935571600642
0.2574645132981416
0.15856148666034553
0.14539297994844613
0.15010612459050324
0.1350096876818359
0.41335594509446416
0.10824537576744327
0.21359397099598698
0.3742126954433572
0.30481388737754267
0.3774896216746688
0.16872814629446353
0.3611820780262639
0.3924702985979537
0.30627769444237113
0.324033387756999
0.41923798484538055
0.10599224641610845
0.44887099027760347
0.311847907629869
0.18074272586979057
0.32392273175471287
0.10778280172030877
0.19590195677399722
0.24018908545906262
0.1457146837122213
0.13907669908301468
0.40494393017700736
0.3900332845921075
0.14354004514595792
0.17303198603952968
0.31719466266700913
0.32621408424666665
0.3859510867463637
0.3921776179878481
0.4019219366043755
0.390888665319162
0.2603704442617222
0.26750533335970705
0.2385322933769325
0.3773344568808441
0.3375533659584703
0.19776793537464832
0.4945809116387667
0.3532570885200881
0.471526890414819
0.44756696919306227
0.34591442723401045
0.12960826490718125
0.22637340665233588
0.46386291871864016
0.49482148007431337
0.26759257675819664
0.27068558050269365
0.2081803131203387
0.1493152141811093
0.14438171184191972
0.1394257384202752
0.20869105286653658
0.11959326408074107
0.419729446942919
0.39747147204591493
0.13173850487275565
0.1624058611521385
0.38606738164481225
0.27579640596187033
0.4746017000285798
0.3262707981397096
0.3814964779441904
0.4050143239228078
0.43339938281186907
0.3660003234750241
0.16222045369666604
0.1366909294590315
0.46459215389636355
0.3539273780326615
0.225561586392514
0.20517479319723259
0.4901881912951028
0.3942330332087379
0.1597261482285658
0.14793144102092404
0.16447847747448047
0.12774656670257936
0.19712168183419956
0.31000398857397626
0.36610947383058035
0.49437211897541744
0.20368003670137044
0.17034925953609947
0.31140396548363436
0.3807564203280588
0.2789810893156185
0.1516394413654711
0.2840506050040714
0.2891362643439151
0.38302790754455673
0.33635636037233096
0.2813024534369194
0.15902034105452267
0.3929408369387074
0.43675315584978425
0.4756783319091701
0.3912063177470352
0.1048102327750594
0.3218413128277429
0.29951509970532364
0.41851607853191686
0.31144022395854487
0.3080839021512306
0.4155453013113035
0.31982834135734894
0.22660280242209863
0.2746778503905255
0.401340238123192
0.18943232656911038
0.3434627346051483
0.19138755395286405
0.25938012015275425
0.2667709041252553
0.12177065874863519
0.10215216281260063
0.364468397510852
0.21908200401564418
0.4097366411068737
0.14923049092354496
0.2078882860098466
0.14459671027455256
0.4622436494401173
0.4482647024381895
0.47508122727754964
0.3370116122946885
0.47880839032498523
0.2867756963686111
0.388751955368143
0.14740131047746222
0.20441001013487164
0.32030575104629344
0.23868776155391036
0.1705696815322731
0.3458970990300595
0.10557429266884007
0.1512531516540206
0.24623912678799137
0.3653625720236787
0.36229167168029597
0.32353738410238564
0.46207812470487386
0.24756756424649362
0.13282647940376707
0.41371795419888724
0.2509577992045643
0.4332285812095833
0.37484139314322895
0.4854485908707006
0.47226344712808277
0.2714797975937483
0.14967022486928588
0.4835205297198374
0.24065412638972453
0.4593798109593846
0.47758575707885553
0.3577677597044048
0.3488858239161512
0.33108375154436487
0.11785644157860689
0.4459482352007049
0.34757080913216154
0.23761653716872633
0.3866916799949176
0.496831504046092
0.13864208291044908
0.48140193042481927
0.18570564073266121
0.44170640029891595
0.45737915837761656
0.47229327849175584
0.17289903425489297
0.3576870181883399
0.24187273897197292
0.1461896580425943
0.24424643395378004
0.13205096558364615
0.48587676775929156
0.2796799246800086
0.3905713451660532
0.3130269207459753
0.48350149508654083
0.23278393997502916
0.27620833593606126
0.3126156448302287
0.45168861484752165
0.2136669312071681
0.2097341596312311
0.1856036399719687
0.12352071543990424
0.2738117673105272
0.43364237561646857
0.4778559673839582
0.27818892542996176
0.41615439168558244
0.10455361595347412
0.3830570513623931
0.22049968672116577
0.2233505891142464
0.27502621901078506
0.471716412983174
0.16669565650083165
0.43015619011131234
0.17966416986463032
0.11599193384085066
0.4441209188340661
0.4379660324575513
0.3332723453260136
0.4908295103267202
0.25637015657262047
0.44273093943506614
0.29323263394841204
0.10207550790574334
0.4841429962795524
0.11746957042542064
0.2718283947096408
0.44360697382037273
0.25177184310334844
0.2746050242100824
0.16564235862127066
0.3843626644725088
0.1288695508614787
0.3413901709466888
0.3895503449062354
0.21235225966950932
0.3320083654881275
0.3672684755546659
0.3295493341367229
0.11918164524829362
0.1994309912826842
0.20369002731788044
0.17647667580323195
0.4540567734904366
0.21516958654880264
0.24824007223834613
0.11607213453897912
0.29776083380128826
0.3419143661523293
0.22216594543564896
0.279746462581309
0.14367511023485996
0.40277482441663803
0.4552318499346909
0.3877481519029512
0.31938222887112655
0.4489270656118949
0.486889071297517
0.23439627971796836
0.41650196362817116
0.41744808273438927
0.38697738716422747
0.23281936503747006
0.37844532359412963
0.39581250398630574
0.30959376111611003
0.24162579090071903
0.3890678930203866
0.3634589899320301
0.28839639893558067
0.27241800141200373
0.37617275413275886
0.2874828246064278
0.47520948082638503
0.11357371305486992
0.11756898879600822
0.22701470209074742
0.3651769753853883
0.28827480857348486
0.12610036742431052
0.24135806606266433
0.4332943858531636
0.39451549916175443
0.11468271231702568
0.2851026278574103
0.30623863559389275
0.14158575096295445
0.25379744166671303
0.4395353126694127
0.49437511698351266
0.4808272094651883
0.1410038860078443
0.43779370175007626
0.25402340092977355
0.15013830613849427
0.45428075048837224
0.2798248421479873
0.374378103128875
0.19048461474257228
0.3798141497716355
0.2740535340702921
0.3038897936136066
0.4261250656274024
0.11884391603279304
0.13108174838317566
0.45470613572784035
0.33062366584970526
0.13921726979952537
0.15198716412139543
0.15047534208563593
0.10040577106431244
0.17061082238439906
0.4410340975537447
0.2982303358002061
0.15682991730668433
0.12754546161750172
0.4923415853150648
0.39994839928948633
0.3646366503907523
0.18366993631137818
0.26405679788915115
0.13692529834416806
0.42004563772653436
0.4043910282021199
0.36699879186731765
0.34402606437719674
0.35703135741287706
0.2817681143249082
0.16018129963322478
0.2735130456947533
0.14723879895764763
0.13059580840468948
0.18265849006639667
0.15231065865595472
0.142474037417199
0.22162773258371837
0.37203001691435245
0.28828841465203864
0.28016257961156055
0.16963242124727768
0.4812590640099996
0.14807697986605178
0.15157024701762417
0.1178462316806904
0.1390469208954347
0.35226545503261786
0.29914434330927864
0.3109893805722735
0.25426493225486135
0.26488681889852117
0.4837166939640516
0.2057012925752858
0.11057092731038046
0.22641499903526202
0.48972649620031905
0.3683530266966796
0.32431446603406205
0.4521652999349375
0.4742537167696592
0.4374512948490281
0.41792239187041125
0.45560043110902626
0.4929696067245479
0.24829259821586502
0.4996624135446093
0.4301989287139514
0.40328943765398173
0.19806343733455312
0.23720183944012008
0.18487340232255375
0.12756528954659757
0.15091533824107334
0.27982143128045434
0.4642333799755449
0.39117114393469465
0.1473599680646668
0.45495048376214997
0.22529870669980145
0.45872558934603247
0.3629936491728426
0.26355404200905413
0.2975002608328121
0.22607016941444547
0.30327273317396913
0.4687369343562606
0.4572733641347546
0.13524639676657824
0.4694069065127532
0.3438983281098874
0.3314498183621434
0.20543658116458335
0.37865209808446054
0.33950709156038017
0.4096221722659392
0.21776337269466703
0.20254734733856222
0.34230797944934244
0.23892075359184353
0.39287081025377224
0.22316169839961364
0.37312269724371816
0.1084263126024684
0.13639666701166414
0.4462683043467288
0.18454189220466133
0.11967419478409332
0.18515979018216064
0.24750704994627348
0.49519976309840374
0.20847810370083908
0.227954979339953
0.21597689420074806
0.3961958581521421
0.10364592258139527
0.48011065001639286
0.4419929168253248
0.16092147024736622
0.44676384175819395
0.10615184830838183
0.34516914581809577
0.11855266477331822
0.4275886406906525
0.33917797376807024
0.4220270263021182
0.22773778905262176
0.20056672101081965
0.17093277949332686
0.11971210723690047
0.3762664997571593
0.4110019559561774
0.40573406395562506
0.3944781487126723
0.350194727634204
0.2615942348003635
0.16091339642478433
0.4757386453256044
0.4382321220651132
0.13263711043020457
0.23838641397846333
0.24164895618831142
0.12942880887162916
0.44678746621239684
0.23376847259884706
0.4764973332698026
0.2910194446289781
0.1167934859475114
0.44933593186778664
0.26300381438716314
0.42984254923412124
0.348832127813698
0.4497699421800315
0.2068647090438152
0.10645341709833694
0.36448717774364126
0.12335959536084898
0.16897936519520196
0.20924353357181258
0.3448917561568058
0.24544141191399077
0.4222486667771853
0.22258987516221365
0.24868285675703358
0.165332813165907
0.20565193290017844
0.44789856224586744
0.3019290713315843
0.3954045690221193
0.15490603764648345
0.3956870055811441
0.41115189767164506
0.39123684339450526
0.10344049928418197
0.11383276415014594
0.4624334048710499
0.12005931592062664
0.2831335141022132
0.21718107829731292
0.25267697880951256
0.10686009781986804
0.10298642216957239
0.28000933813921225
0.2712383152034047
0.10665900306591142
0.14996628288481886
0.405887545922906
0.20469568405918379
0.3368415969727473
0.15724269873680422
0.16046646307723256
0.23025026301428336
0.23606952848314192
0.4834927631096243
0.4418441665710141
0.25674211100292643
0.25132258622258835
0.4462499959388134
0.12289402115944222
0.12166583340811483
0.3200976733437766
0.22384864643662597
0.1753096681224387
0.4711048137733074
0.3876634434868067
0.22348065553324573
0.11481844806243005
0.41787322144825567
0.3614929898627244
0.2693604546789178
0.14807328862957042
0.28510201549354314
0.1745420934736912
0.1340816374259214
0.4408794685358519
0.23815714150552714
0.14411547597089905
0.4472899401299214
0.1514808837922313
0.3046170627449033
0.24940258366783127
0.4821720265042936
0.4560141263207079
0.2959804927641604
0.3182046149666625
0.12588800235497885
0.4903254062120612
0.2278568010155632
0.36209157142272763
0.20752224656932589
0.3936161039982169
0.2225547246287558
0.28767688011622017
0.315366131996184
0.17486024870321382
0.2742751619269498
0.3978712641226405
0.38007866180977357
0.49941675873389135
0.291574514054076
0.1408227780557153
0.10135903664833178
0.38747583298729715
0.3272060961808462
0.17290286113335265
0.4828508410393514
0.2507161824455751
0.4986302313849238
0.47268669760895843
0.31216519372470064
0.25657721981929005
0.421410014827609
0.19993886348352616
0.3922886734072769
0.3807750974044707
0.16542030368095645
0.20861468975137776
0.18818298358847435
0.2912875442323806
0.4141118201515134
0.43270264101840283
0.21229418163831504
0.4577943896302912
0.16228198644293645
0.1430226450338557
0.2584624004752143
0.13024441239206852
0.27837714954496473
0.158560518609769
0.3090422054019191
0.37890457512326414
0.20283114896675225
0.2911790468180421
0.1632570159297112
0.15510848974672098
0.3394522648933044
0.2828594124491311
0.3887794858807708
0.15635629327618325
0.3854894398444392
0.2779448969709921
0.30990859838075574
0.3306628367105454
0.4784440352760574
0.21369278433035604
0.4158116997782336
0.3828444533524239
0.4791523301475066
0.24633811650561155
0.22241617152502002
0.4814642847367203
0.4779348767226871
0.3889956985828039
0.32919586530271927
0.239102988539953
0.21041962750390067
0.13638164398699015
0.4565380557812667
0.17959903107443848
0.46140058596167643
0.2477840194651492
0.12672559069544065
0.43689500689651073
0.24921191652746744
0.37620456143182635
0.1583996866657399
0.12974000517609371
0.42665535056227577
0.1704242751558988
0.25599778768296955
0.22515792199585782
0.37817574785064445
0.45821356722180506
0.42160938353848665
0.1189012250385865
0.3228455414690614
0.1993702712256074
0.46140189386473984
0.10006726387308845
0.45136901141322716
0.10271959625110508
0.4089742627246522
0.4277648725156291
0.38987116728912585
0.3443546424240296
0.12746635093483422
0.2470417573230499
0.13484122313319966
0.2282114964234431
0.11235650187177915
0.26911647327418226
0.42440215015287597
0.31175825202530355
0.47838130521111144
0.10035138320376498
0.3281671578777611
0.21018927962371206
0.2613543876976605
0.27876363037374396
0.18546203373049874
0.312008411759261
0.16732940525547818
0.22269814926357268
0.11483936153007518
0.2293002046093056
0.4963673284667248
0.40413865208622457
0.1994979569915369
0.2769712316993256
0.4319412140719915
0.19755167881440597
0.4157167898168105
0.45418799788583974
0.1403546778735758
0.15068149793688035
0.378127436136529
0.27722037449945336
0.31259563986073247
0.3300472930071484
0.2087654433644998
0.18371760523056052
0.17135938201323336
0.28091553797293056
0.38354321892551746
0.47705394206299945
0.3132600464845071
0.4118644378397872
0.4500330912777659
0.27548443860047606
0.459495673326371
0.33470419193611856
0.36718582132783306
0.29925521133025523
0.44087714153688773
0.42482700740534207
0.3873117471628077
0.227553384635308
0.4345179864349874
0.47200493993117465
0.18361132428220023
0.2667843710726816
0.48182965535998357
0.2646482226370249
0.485547969814735
0.4272461466223948
0.4709719649963042
0.3841697379425323
0.21887770290325537
0.15566647529572009
0.22720644940810644
0.10173578693893362
0.21487883121389872
0.3651423498559435
0.150117287006122
0.14705883044531723
0.47248979462807883
0.10703796119793085
0.2753151212286079
0.2610280987258028
0.10976087105973904
0.2712954345817931
0.30217282353824176
0.34395706732556924
0.33937016431610967
0.2014284628850047
0.1341943164406516
0.1297267106443475
0.37697747981479535
0.46830992876923305
0.4662145219488437
0.2618505651001013
0.24704938360087728
0.44934726889817
0.39718317004745296
0.17814118799631518
0.22376765297179635
0.30707155875518644
0.17000803377975576
0.2558604037831836
0.30248290056714594
0.21987805468283927
0.12906477945372613
0.1976349105812868
0.3397189154393073
0.19409747281982626
0.23608758375324565
0.13516386521702628
0.4247238533502482
0.40226352218776074
0.4357095508547457
0.30501697809987793
0.38899799444022454
0.19001799919145093
0.3253386926278613
0.176334820280645
0.41978621480285394
0.132741829379056
0.24597346490534747
0.31834929391400413
0.4960088380681009
0.17475221681608102
0.2438115270672408
0.17346666800756244
0.40626315769905796
0.2828677642139531
0.1808939518844922
0.1039468639200774
0.26065744192264334
0.2515062870728189
0.47613519024274076
0.3228998909713223
0.3027935465832243
0.26121534096033405
0.3445455637564523
0.2989784471225091
0.14374148152543298
0.3158144142669169
0.28770978881046205
0.18156716094988412
0.48400622651455594
0.4361078736562325
0.25384202629564934
0.3607267621446123
0.3373190236100102
0.4116493892350609
0.10854539429691874
0.3174746191779221
0.44427175811890485
0.4939054116227036
0.30401696120643196
0.1834686711765725
0.3861382955415368
0.46149202192533345
0.2744365368002031
0.32176686224345297
0.29244976707169307
0.10115833950507502
0.21072524233888235
0.3018135313600766
0.2561165327815179
0.13027699571354381
0.34456580945565796
0.16438874311446364
0.17946019439846028
0.40784407556999047
0.4771550865369001
0.37085009189256546
0.36334695262768535
0.2923886123646436
0.12006740720120193
0.25630543630400227
0.26962008086258515
0.27441490694580684
0.19478824520260477
0.21293851145548914
0.18359987937659433
0.2549909635779102
0.1438718554315234
0.16534136895733748
0.4231502761107453
0.4269415298186545
0.19968187303835994
0.48380163512634944
0.2023637715640584
0.47390577196953276
0.4573148091518985
0.1260137991437429
0.29112974616507026
0.4728949119264252
0.41090829854558497
0.28971873053035124
0.26837818825158727
0.4410911407745728
0.45741078153880876
0.29867535452827587
0.3771021708251684
0.10594036513227914
0.11757649178546821
0.19414581570667014
0.4682458500478325
0.41515177138709136
0.3038657309417746
0.4633682086826729
0.20431623227707618
0.21540366861803478
0.2007492418990141
0.42822012037571
0.37405537002037303
0.1691735708832768
0.474679591778139
0.3027004060878614
0.41229205118862366
0.13265640527970002
0.3624489421542084
0.4860850534902784
0.4560943101319005
0.2963638397170457
0.10449134178435951
0.2550061214468809
0.3490412499024176
0.47795055645078244
0.345899678072334
0.43154459211271645
0.10901954072019082
0.3129817553039259
0.10255603416807615
0.2521960825999263
0.29319107308907655
0.29651170670655397
0.23556019077660167
0.248013666731399
0.2568076459045413
0.34071882773703677
0.4603438604736586
0.4661718135400653
0.18293461019284726
0.1277830144198967
0.40832490942488264
0.27543807969858564
0.33516608826479843
0.22847684856907802
0.2560070938897797
0.40702967387597777
0.12391790825489571
0.13629901896631758
0.2962636537986868
0.3303201442007502
0.1636505501703316
0.27344124228155575
0.34127574771700886
0.1282102994174141
0.34827436987292737
0.1011784217709228
0.3093972918482993
0.2145862528413819
0.2245542432623071
0.45530763558885734
0.36023917043509324
0.2058855378451647
0.18227590514352118
0.2819582327227342
0.22091833370738245
0.14995427532213285
0.27545882198577865
0.17426151040368149
0.16023897397942688
0.4616105703000396
0.2564311576774425
0.22084322492157082
0.3367789786872948
0.1844894185006754
0.3541073041760868
0.4298522203579167
0.18904370132149917
0.4242406583825855
0.2467908802687839
0.25267159446528265
0.13239532427691528
0.1741086847685231
0.22483576569000202
0.13427215534498416
0.4379299715146693
0.34799766102311797
0.17738714650547785
0.2532056658204346
0.48739329501004924
0.3339525037901217
0.23220818864268056
0.3236740540772044
0.11136749864964784
0.26305838967774525
0.42257732207247434
0.24911077424316297
0.41406619595105787
0.13094953948292068
0.3989280091983415
0.38125719525492663
0.20139271858590427
0.4305097859394198
0.11100153236229754
0.34789920415308623
0.1774026300666984
0.16346678878560972
0.46588939474821156
0.3471353184051132
0.4907763041411771
0.20076004995508134
0.29949953282095493
0.18955439041460248
0.12003124603561069
0.3125150277022394
0.3016949445578162
0.37324649133465526
0.3114093224564076
0.49522276467954895
0.2654051995445328
0.13337341663980384
0.3068039894201199
0.3760965853206689
0.17245527473455302
0.19507531318318955
0.37665748326113735
0.19914242902040236
0.38536713527035393
0.11305217821220853
0.1723779598909993
0.3132498026060056
0.2823774001844265
0.12591002892568484
0.45069092412024614
0.2510030470671556
0.49942043105965084
0.12934461488941112
0.39015929021794304
0.49013953887021133
0.36168020751361996
0.11984938366615339
0.1242855560253585
0.30346541115458503
0.3193053760921617
0.178851754896787
0.1024527331325753
0.30309987817116135
0.22715856206659366
0.4520975069805847
0.3580501313670046
0.26539467476968676
0.12140977048514992
0.21591029816038745
0.3761914321325813
0.4016057571017291
0.45971374387459263
0.13657957209790875
0.39315146011825086
0.2139573282077485
0.35940173260288966
0.2381683175707825
0.4799803191062191
0.44805493219321113
0.2503561583727162
0.43044387810472673
0.2531850814351666
0.2786388343661954
0.10370880991264358
0.33487717357764935
0.3882836727167306
0.46898425647554
0.3131966351597618
0.35211651960966006
0.15848603544432271
0.10868279946173263
0.4867002149976931
0.2098575518665865
0.11696632692675801
0.23405591010440105
0.3391049721787862
0.31049133522281946
0.3157496647896403
0.1331842690115015
0.15774135240834483
0.13874154959950077
0.4334329587743315
0.34393047021405854
0.4300629859532864
0.3650637752944754
0.10119178098079168
0.3792885790644368
0.30095250505514415
0.37972771861766097
0.2806265923027409
0.18768252814619474
0.14654752009522018
0.10321368756346479
0.12574743312806558
0.4001273799648336
0.11871950524656172
0.3263595394855431
0.4306373567192191
0.3873087746858369
0.27136230944696216
0.2193790403776558
0.277731835231408
0.1824197980471537
0.31097037971656327
0.13008352364569184
0.4064949074373997
0.33848936382841255
0.19329841261414665
0.1643556075280886
0.1559398716288828
0.1406130759865336
0.23099667342454763
0.21073432927847954
0.26867446122513894
0.18647627963432745
0.26369516408326865
0.2973985010711089
0.23018496593177507
0.49435762465161337
0.3764454714071077
0.4357880639548378
0.420006127573046
0.14327519429848265
0.18424492036917672
0.40471790427762655
0.20461292563635303
0.12104664094077755
0.22586749025291486
0.16117600538139498
0.4212066489805093
0.40328516402252323
0.4798583534613735
0.41553498630989216
0.11056119986971616
0.42850751068131876
0.19896341711161109
0.4428682055665427
0.15075480749554002
0.2911754915105529
0.47873815519100527
0.24792883730631596
0.24965318807328496
0.22052947357630717
0.21349849443036162
0.30711424182550806
0.19887262063381939
0.43380687506914284
0.17978267282340876
0.35066021019956806
0.2584187256123682
0.2371246765091174
0.2592863243610376
0.4894872367762879
0.47094730244540417
0.19123706619724704
0.4620062068002453
0.39895541926685807
0.17379637251167585
0.4457188503425369
0.41678966418360963
0.4890619267086245
0.3783400279707273
0.17500545469362502
0.3621619477608776
0.24790876202618764
0.3102051700221168
0.36512595648822843
0.4278827504637588
0.14441501305407295
0.10495743149974923
0.12532746068521666
0.17121761234956617
0.45593805262524667
0.419138759263624
0.49056931538333226
0.3265921836089878
0.2147770402817551
0.1387964952910269
0.24485716873930286
0.269224682540662
0.31056421446495963
0.12953169777136206
0.4517345835710421
0.49955152623648935
0.41391707681028156
0.367275297046915
0.31276578850066583
0.2635470536464658
0.45117298025964214
0.26876750559597584
0.45096518237941285
0.3521103200891359
0.400472641846344
0.25908899881780245
0.45390914236753055
0.13152475957160292
0.34676988329931246
0.19969190307630835
0.35475027042009666
0.4407487455862823
0.13780856753142015
0.4810872133323487
0.2605702141365277
0.21034498345114383
0.355626736300364
0.29100916997559245
0.39282493099676574
0.46707513847623783
0.4175538012836778
0.3199106132127979
0.3601725091223936
0.4404387854302868
0.1959484706444783
0.21868341978802805
0.4835341589888963
0.26800457946620193
0.35800451108577436
0.38049649601954183
0.29083900127943907
0.12761697026800825
0.20444207403238557
0.39317088601199834
0.3349535169857758
0.40603411932911837
0.22389005110264956
0.26052814227141974
0.3161894859208757
0.20709198188607708
0.279310499536111
0.17141703188509677
0.22159222695192457
0.391537694471893
0.17364341726085414
0.4684015224179183
0.16545038003170842
0.25640346353125676
0.3134092503218955
0.36423791742945866
0.23177797904983302
0.49630682956271177
0.22032245792622393
0.47971592535528274
0.33791966033211496
