5630.207777469631
5257.7926397099745
5406.211101165757
5315.898629137908
5292.485232079445
5546.303208636527
5910.441937952277
5588.191420926045
5092.041244852931
5875.210882162292
5760.094524247773
5245.373457775262
5419.965787801858
5255.478470552657
5823.321970093518
5010.68868537343
5441.264246312457
5149.832804867419
5252.85874400748
5093.061306086003
5672.393358909826
5245.979200729084
5580.705826538135
5565.329586334988
5679.791174582357
5694.523267814696
5983.79558130665
5234.484661218832
5210.679524731906
5928.152283043905
5630.195493289098
5363.971158628248
5169.474703216921
5339.136907814968
5778.114766506073
5338.53687049564
5061.722181899427
5554.583993052244
5045.8652077415445
5219.798811585644
5353.802621758519
5157.722633845641
5667.221379356017
5659.843405543736
5954.116678230224
5980.141078103348
5771.877774910534
5656.1505039991935
5969.678485443292
5543.62925184488
5132.5607698358335
5840.480038241896
5947.975440856598
5221.684840822261
5887.878880803634
5112.202911037701
5074.909129504328
5298.367814979598
5231.8998606834275
5603.313322697016
5538.250653319615
5771.482966022332
5497.227989804793
5504.547020330339
5502.6243957735305
5689.705798400702
5948.420111861973
5106.943563365858
5521.592003001553
5769.348706563337
5908.914263365551
5179.397980388473
5301.829754647845
5626.310002392175
5740.685513531597
5464.998412934368
5303.665125107717
5294.647608411478
5324.7026437769755
5652.742923789051
5036.905982868673
5934.342201555237
5022.693439314656
5343.74106974301
5016.282950604443
5517.669883195227
5736.012444520819
5034.055131938577
5273.2943827808795
5979.255013073501
5348.1372955650595
5657.666275160763
5030.990664683069
5380.748994110383
5997.527782387225
5692.093460005567
5882.825056325386
5788.25220023057
5506.777538051664
5424.050311603161
5823.089340037248
5945.315769897611
5556.352556470935
5954.21201611385
5247.2144037648
5898.1101988731825
5927.738164591111
5265.394157365884
5048.9908487067705
5929.629099348987
5443.486186950062
5012.0891294950625
5123.83233295404
5996.144259090952
5624.791170158245
5877.240591512125
5145.63500188141
5677.844927227747
5115.730781745241
5552.101711505345
5094.46959149479
5464.18584122791
5954.308617129682
5513.904115053014
5575.769231783837
5288.122498551301
5589.492809353002
5897.264587852547
5203.863335035971
5036.226319376948
5083.421210215261
5171.026222212849
5306.799024915386
5850.562652728957
5806.929561305486
5849.49156179501
5593.511252896996
5903.533968413597
5226.31081587552
5501.886635213197
5090.100701910384
5382.944448222648
5014.025126431349
5200.153007634341
5993.542823617831
5113.218672603165
5943.336538732909
5065.248673201764
5682.433073518771
5453.453852294153
5476.695712363306
5611.4075201495
5941.52710403784
5809.017636039216
5256.822763868482
5023.525228053307
5465.3131851323415
5960.578146027514
5162.220185391455
5188.182728899368
5113.42872862889
5457.388344669718
5055.884016602035
5448.608917069181
5311.4247544353275
5629.919474122788
5198.187797220717
5883.668901930871
5167.861217502931
5904.111211854807
5185.586604690083
5136.056930647215
5223.773636193985
5427.749286366704
5107.767282283269
5536.505763377004
5000.18864280804
5825.3156750784
5192.764148767326
5994.776529187167
5433.893695643523
5214.721936579143
5199.39284315539
5324.46415264829
5115.330550867002
5206.2472926804
5454.414449362542
5202.826546200971
5051.020654591838
5597.827349575732
5965.360438174463
5797.963680197833
5475.685079771767
5264.053357946878
5086.843167010077
5094.560398561042
5065.353585472601
5912.698643390887
5358.580597142716
5195.8480511194575
5848.597326645057
5688.730674745591
5752.522836281217
5416.678543529994
5834.631496930073
5812.170519280066
5273.534426897544
5721.346189849632
5774.267279848376
5344.642239659052
5032.388844100364
5418.770437966688
5642.118959274799
5978.08943893641
5009.773843299107
5132.421640806015
5759.776270222046
5652.8406164794615
5529.6424217104595
5459.150901410726
5235.414727224864
5394.675895753227
5189.193400335882
5567.976995469185
5317.811579427935
5985.682427179488
5900.622704680578
5499.073167095281
5648.254968453543
5490.443804317578
5682.151120738676
5354.239802105434
5972.985837682065
5914.994539682557
5733.359474288205
5567.5879553036775
5281.152015251337
5757.471653429102
5894.868142623764
5658.874573189826
5348.612356530833
5459.803977503594
5961.094045284918
5535.055409226554
5297.871818803874
5829.380957249534
5541.672904214322
5150.740402587484
5990.028305801864
5285.946247799669
5102.445176247081
5270.998045668526
5884.029569052822
5075.369069110392
5420.893309596063
5792.767469419303
5910.925003239147
5622.108099186572
5676.71773050235
5994.260128915843
5018.182897154108
5965.686945094654
5155.276324500074
5405.886137552861
5770.168294747828
5236.917294637319
5362.877289148333
5296.573375533193
5934.983094681349
5107.107151759649
5734.602508947615
5473.476759169701
5838.170926296038
5799.11484876825
5890.222358038899
5345.709417427525
5805.747699891137
5423.505167658228
5698.991260746105
5996.840468452444
5184.293482811733
5315.76550295945
5235.49237778962
5777.379541406956
5308.83709951131
5602.707755681745
5170.187607047575
5015.942931644993
5086.786407145704
5974.912469950908
5861.628809585011
5758.2060526494115
5929.852564584795
5367.277969220813
5123.035523491223
5625.201418030039
5594.262373489546
5454.733199192488
5331.032074682001
5076.405069073396
5086.370259686316
5927.066278766942
5378.866075646704
5781.588608269709
5251.498424441458
5436.061487208356
5853.94891559801
5280.7914068300315
5494.764032713832
5048.470697798039
5600.231200173872
5820.9727200470425
5117.581203273992
5010.314759861003
5626.9297868099275
5386.400656412817
5581.795132929783
5641.40031818715
5611.1019093703635
5398.49525014762
5942.785695941909
5701.611199637948
5055.544485450074
5721.685452529519
5785.489345853845
5402.383498370573
5056.591062079441
5374.471369496092
5054.403270144013
5242.979505677335
5513.439474210917
5887.4382403738455
5229.469803515099
5081.0552415276825
5311.604982707997
5928.073080599721
5593.174478065499
5853.340499959823
5136.992022270643
5997.197940156623
5550.378591964828
5431.501067903417
5023.354344115221
5339.780275163691
5357.748171255164
5745.485394441705
5434.1781318409
5322.612451572528
5977.290753990192
5373.605236310937
5028.730018082541
5891.038801107243
5163.6545674633235
5820.463807664777
5718.141653801839
5951.906156638005
5704.989147236021
5953.427047605431
5797.039676645599
5242.123122533432
5433.0697143666175
5972.496079312682
5056.476422788024
5442.022646233843
5702.080549055824
5506.800788379427
5872.751690551182
5824.089158707163
5947.3446621102485
5840.596010258164
5843.481706725559
5509.143316744375
5944.2090104242925
5427.806344561273
5056.002196312393
5186.311169139617
5522.451687348279
5896.856643839383
5220.143748378929
5781.500844107604
5426.170569220209
5712.823405174533
5587.969858837921
5237.384031488281
5601.382523452788
5388.901145818711
5509.930051003516
5469.1855579933135
5317.280409750496
5645.048219283205
5363.255319041544
5312.589366752858
5834.56691165703
5502.78678912144
5568.115226663343
5685.688851688778
5925.805818552704
5965.926642379895
5944.314199821026
5160.886609093293
5070.144433299574
5419.330779382163
5693.460549410259
5675.4414698485825
5222.0127319736375
5578.282461467385
5142.868911946115
5121.853286285724
5088.903235946109
5641.616008248838
5318.271866485338
5150.071500416097
5424.981502253145
5022.732922613484
5207.198964127777
5057.328184323196
5053.274957397338
5000.2904320410735
5936.1862361297835
5268.3939691129735
5967.1258967773165
5625.507702824745
5321.17738084771
5091.624742568134
5910.722121430841
5103.881653343607
5783.267822229009
5336.269403836049
5927.325303375357
5702.821211998447
5742.284880458141
5143.945878663843
5819.801960905375
5563.2613257032435
5499.31768093219
5398.5618489423405
5559.618343912642
5218.820032245161
5567.522459345664
5418.083032430242
5613.783138309452
5099.706616541996
5809.206592856577
5201.968708022937
5907.911992683826
5254.092600649846
5156.475826681579
5136.466498545038
5246.326163135605
5035.729697400839
5484.736347802103
5529.792662328263
5537.112227226408
5588.603975797887
5150.131412677863
5346.461889387517
5393.880849189874
5889.038945507509
5365.587728758577
5234.025191768135
5407.997617845948
5440.595708505202
5344.329036182232
5069.6602501004245
5250.588687198528
5539.056180544604
5506.823797573108
5885.305550203576
5740.196438415101
5848.865489122845
5428.8600888406545
5990.985630777255
5401.797876928969
5199.888299706425
5204.810528669675
5930.038973331297
5892.8676151842665
5688.817435990111
5669.902725692635
5909.849593485223
5220.229402418026
5916.112112218829
5562.387464701062
5449.066998212444
5095.368650153482
5024.2890057742525
5853.989408179489
5372.4286477635815
5941.044089118537
5402.292584287832
5940.8965757924525
5902.748138574393
5576.0420659156935
5365.562584732891
5156.285066302557
5253.241245635716
5848.357401758096
5214.356188293822
5088.890637151381
5903.1391591709325
5879.5619295398665
5356.496133792562
5032.211741868315
5503.333621839143
5771.650306170708
5692.289562293429
5351.376899289611
5988.455422771601
5761.621330574157
5802.483153183874
5458.504548054239
5937.535356067833
5441.869180874811
5241.110132453532
5450.942536664378
5012.680369170649
5901.400053896688
5236.600230467868
5190.482933246782
5266.990176309834
5089.448281348524
5280.8700617530385
5524.708869713907
5142.0256463627475
5346.146898346554
5561.036628458507
5058.234488157466
5416.810698464592
5765.089961672237
5542.31658273328
5845.20530125039
5553.823355477732
5406.773849345827
5585.136484727926
5412.542545776394
5789.725880015307
5776.188231339142
5486.039093567782
5502.619160890204
5769.626145009393
5998.67970618162
5171.984917858626
5672.599728481795
5041.959523127051
5875.217967685479
5712.4280360395505
5094.86678057881
5562.782395131436
5004.346756850308
5462.3785596625285
5212.870017337703
5686.118576643035
5598.226187533345
5202.403439458844
5184.86971633395
5943.0072053306085
5997.646567056769
5464.269908954967
5684.611075963676
5894.075504003359
5155.339227435445
5338.273718680746
5021.523091460033
5427.929531817155
5150.140197075353
5222.196935696089
5458.617889811577
5741.3305696769585
5749.486415036634
5925.665430540463
5407.955692557186
5849.857713031574
5913.742504719773
5061.89397820925
5944.568173759114
5903.3759641531915
5260.305969824944
5710.600773644591
5416.769008180218
5771.317507907093
5139.468796134718
5574.1193813594855
5725.078167836473
5224.824416369556
5871.848541848615
5795.087210665925
5759.201194587118
5794.935617009891
5738.468425794465
5247.107595500634
5048.476217115185
5671.192620065893
5861.215986874482
5545.599993431989
5590.6819397788
5106.33437975313
5724.238394641468
5261.751741186901
5076.56557670228
5508.445120763289
5651.246522518999
5102.048850797178
5417.804894907618
5505.020096306413
5383.194992276519
5246.356724393935
5405.25409895003
5155.598899652388
5224.1000713077365
5713.225386497697
5674.19168973231
5981.3406893876645
5991.908410717172
5110.4392274035845
5172.828217544429
5322.0859255839805
5933.520150443402
5413.607247574644
5703.410032033553
5730.359613091374
5788.445170357051
5221.712323271595
5267.868216099074
5249.627140770621
5132.764426405658
5930.209662398653
5017.613578402411
5437.250105873814
5731.046700234182
5142.763376677459
5975.382529092488
5984.367622394147
5369.813948524402
5763.1878079443995
5169.04859213847
5122.981734858839
5994.0375630693725
5169.519057335118
5042.506070513383
5500.673501914352
5979.875405950561
5354.787765347882
5061.488629025296
5033.7748784828245
5688.23836810988
5293.1612887866495
5126.060461962843
5699.720285327064
5672.435985331586
5560.430532333959
5967.100430933145
5935.442343831384
5478.168247127402
5666.924132553895
5313.050031204183
5226.4910978981925
5171.251905105844
5094.452206247774
5985.869260267557
5031.107672914016
5890.417770428947
5262.575215701093
5418.355890422455
5374.68244632874
5987.678199886982
5439.94311504637
5431.67798207335
5503.551838004424
5209.984730353918
5172.662251371978
5342.575791596584
5305.9871374648765
5480.029516320509
5618.858843150431
5144.422995535514
5333.498519143017
5099.333604247465
5594.550119598545
5913.954882048032
5752.468663202353
5434.337137499714
5504.084590158757
5922.279867980008
5357.516582753105
5528.69011786313
5271.720064721036
5357.218230075779
5065.283857562279
5869.943692185497
5004.849297145835
5285.330125801156
5238.421408339903
5630.171601722969
5447.018953113842
5711.42344673712
5666.182206757596
5554.581102134275
5691.693361809598
5077.098448438401
5028.902330482049
5199.983602099008
5038.811975886737
5785.744833939084
5267.992751833547
5607.577499424248
5108.508737229939
5040.071376532395
5721.969609289944
5133.580878751186
5765.563292846174
5488.006765386987
5635.310547279513
5975.085413730238
5523.547993445994
5104.745235463578
5857.828192917372
5637.488503823257
5334.254212862613
5683.644084617076
5464.936491399014
5140.980842660007
5978.802474653772
5927.238981878513
5426.028271753228
5699.589586798462
5497.951636247909
5025.188729033465
5675.8579383005945
5541.233444520693
5898.089433223892
5450.493707047712
5266.321516916345
5706.685544070754
5192.840359905455
5372.479313550798
5093.25033857813
5292.599169316452
5477.285195730982
5088.557257255189
5931.1057342874465
5261.808982800931
5361.2072435055115
5260.747657526367
5795.667358428055
5016.046603545366
5583.35964448645
5065.388927495889
5948.126949913531
5080.574126634921
5686.664049106822
5429.996056303753
5253.8227601091785
5225.322847910605
5015.279026151318
5934.003551323861
5712.144555420207
5406.698535376296
5804.27921161855
5826.311010249284
5896.909998633022
5384.583985111016
5032.459641188639
5594.375974782641
5840.420874826673
5804.167972186957
5294.812667172906
5833.110692236017
5501.3677814885195
5660.277330821912
5662.456894634761
5036.805091523749
5335.767493044065
5377.898905916784
5181.432818346487
5848.933593562983
5205.446585263969
5195.39562499396
5201.933122524613
5858.358203587553
5354.192323004035
5448.270165862451
5638.629311783957
5090.526191907869
5391.023452019525
5017.934368222571
5350.888906655027
5835.645289126832
5501.660967920251
5852.7536641695
5375.373420811281
5227.731613607461
5386.719740365018
5815.392867115209
5932.993587984518
5009.005149435442
5179.08894151757
5657.7521975988875
5412.077915724468
5231.625690020172
5563.526734478355
5323.287972523598
5543.1772914042895
5698.0019213292
5835.998061677307
5862.487414448875
5963.5159700058875
5726.469092666172
5488.637592541745
5063.954472402131
5930.214400561948
5742.1340553025875
5668.9483572035015
5890.868665366437
5152.6910749132085
5505.1679962805465
5156.0571736298025
5284.711632342178
5013.13043838881
5629.371590284643
5173.9012562451535
5858.794380563919
5626.8156900569875
5867.08342841422
5350.975758887421
5103.534776055128
5561.366232950738
5760.068235564279
5724.663313349223
5189.73129222955
5640.391803995425
5638.373800700234
5632.6693373750895
5873.398416855267
5502.9472976017205
5680.964249894003
5720.440354459336
5868.154888010196
5942.826112885519
5912.083467949397
5034.014920288894
5845.869676948586
5220.0575426810865
5015.890960592648
5051.885253592067
5429.524582350881
5737.764577856442
5819.75162908772
5460.43515880314
5772.256977884042
5255.331589298813
5609.473371970729
5247.053364719482
5759.584399331244
5608.5707843393075
5684.60158300607
5207.52093520786
5851.024038333214
5232.724560607383
5390.544192955087
5593.025271647414
5617.159502750567
5506.826581597182
5349.029739530276
5762.513605858994
5764.818648100227
5444.434908564031
5855.810199584203
5790.022547426994
5894.438653262184
5187.417337174646
5210.377032915991
5628.032779320181
5644.410055070085
5607.536069162506
5225.090141633185
5409.658734697341
5994.636145188847
5509.619196854385
5953.261622728836
5305.197373879616
5304.728150008532
5432.9655306784225
5021.5355309911
5489.178582505883
5967.82238394262
5297.431785615517
5078.383657904181
5376.105359413028
5542.2193057971635
5462.990023495694
5748.328543982033
5832.300325546152
5475.295946764811
5510.244412565265
5707.276108785206
5056.573064570224
5989.9654344003075
5086.21987924015
5745.546221417182
5666.023903882869
5273.2188181640395
5690.216575502976
5480.7461257288505
5929.714319159129
5764.3167929208685
5221.519865929368
5708.998810947895
5623.044139471049
5919.790076169254
5393.136954146121
5254.430868685735
5517.185747257417
5966.559964846281
5680.671569351708
5318.2882296973385
5343.946403768822
5191.588424979387
5138.575860256209
5319.49853672016
5871.810590594811
5803.840130682401
5688.672346904026
5896.797925970834
5807.924899972688
5567.086950384819
5102.503421375966
5390.877158564173
5773.6074837548285
5590.0247932961
5640.042148184196
5226.29828809881
5758.483737379738
5396.342603781505
5805.253258817137
5435.849239084023
5591.953518062284
5264.073814974953
5750.749535557825
5564.546023253884
5855.472093092872
5739.908182013271
5496.876550629227
5620.443397541304
5959.353701210127
5614.679632571068
5506.025780913652
5849.350994471688
5799.517435457177
5141.854104195037
5130.934766432198
5040.903692694825
5979.280611335768
5397.805803099167
5809.889092297837
5355.393477181067
5638.494546670737
5498.557921413867
5980.652764020271
5557.011148330211
5433.399756707722
5700.80178321222
5953.010219465581
5477.700965238422
5299.76436481101
5088.867565624819
5711.488034086309
5161.330127351366
5633.760031258826
5847.801646009951
5976.846237971055
5676.644270103217
5571.814858818732
5060.430318165439
5059.379751760151
5023.417300872526
5418.803260728019
5811.215610720538
5816.939547321721
5000.05445008157
5494.768281613493
5931.128126258447
5150.109456205479
5161.97810624987
5044.86186175555
5327.61228107598
5605.186585341778
5727.960646251788
5615.711932463973
5065.497732055471
5770.29636755992
5007.358349662937
5254.334735161604
5414.937484973805
5346.718486326457
5844.3810698666075
5040.3102420129735
5596.014928343901
5700.059529592859
5383.506248776133
5095.771313356563
5212.87469580568
5997.148600331038
5778.775634199539
5407.421170638446
5646.096715808528
5550.90424371494
5487.4490150604
5277.50723660766
5421.174399348226
5842.124754436194
5707.304517826201
5619.535717324425
5920.860031128399
5780.226558304995
5305.661682546873
5380.866858807679
5144.582585568213
5575.418538479983
5316.7084305123435
5194.71685540081
5064.241255144222
5499.593755391419
5171.500585139008
5136.443094607054
5532.404827256221
5326.456875014258
5653.991428799127
5833.83779854266
5857.305586795379
5752.420693214574
5520.627186957609
5244.086991629282
5416.167093000051
5254.693553377565
5991.607806112463
5239.666496719889
5982.48292276059
5193.127972348195
5426.751240246889
5617.351120595342
5530.176071642196
5643.200003018529
5072.067550543223
5258.0513766538315
5557.812367299068
5465.103912042557
5560.978195893921
5078.603173715846
5763.279796247927
5306.165866774747
5404.32819065184
5102.362381593928
5276.910217893238
5893.9265102339
5086.980215964345
5007.777401802038
5711.677182010889
5969.2554105485315
5076.7351499642145
5150.141532337759
5482.650708165218
5750.936229463767
5577.784320082042
5341.935963943902
5844.62172711412
5389.1963286051505
5289.069907755468
5625.48811815202
5417.568842487799
5735.85710827311
5366.100934925205
5469.745712099279
5953.43980027542
5326.08424945147
5054.590417543282
5880.348051900319
5478.961151069116
5193.674855009985
5671.714401948166
5738.168706806615
5164.45009190109
5416.92654313368
5094.044019906626
5250.2294068003985
5368.569467270463
5328.168345437869
5215.115037330711
5029.805603717128
5906.093573805989
5533.190602774238
5142.140779045241
5588.882129665114
5902.65012949299
5435.9296205819055
5098.321884922655
5609.807512372101
5389.258559883827
5263.896723884063
5581.621352896806
5861.1158238031585
5659.100211752551
5674.081892302474
5445.243380016155
5587.925447206195
5016.481841563215
5179.202330079171
5468.309109134817
5414.682406046247
5256.66068882618
5821.520970477994
5754.406142496529
5680.497934207746
5231.57720586491
5089.825686713197
5961.774491568067
5358.102027912058
5179.236938199756
5412.9997555242635
5729.14990588639
5830.821500899248
5936.2231923765685
5722.756237391755
5563.401077274886
5882.047162334253
5188.091982367251
5289.963362090272
5260.805712166576
5418.444260591438
5817.381209615079
5569.641263122963
5649.297170601868
5821.595907294186
5555.564532113407
5106.392338724144
5878.149983695462
5055.888567505481
5858.9816169627975
5235.560962522767
5146.683804972325
5526.652935677375
5280.780728350697
5661.562316080183
5318.50584915854
5077.124029501824
5547.318205045671
5686.364203958484
5333.749143297008
5367.337155372349
5752.266989451637
5692.568512640403
5879.503521107056
5495.18776908961
5728.36947497525
5714.865088622633
5866.654214404851
5511.466800624904
5334.130933633349
5320.127651099778
5016.540648001816
5238.331233525087
5412.027139632495
5630.242364078437
5172.2822023286935
5513.185611222818
5189.849595555512
5348.247302303486
5838.6292106592
5418.333668455926
5279.52242861878
5251.346660301842
5716.311344045784
5225.2965875103655
5718.791456782163
5441.364093611308
5987.5526780932405
5875.3850953012225
5068.440289252318
5115.835572281967
5156.971507383352
5545.217165913504
5190.330489323643
5810.337075540463
5218.965143119145
5085.066850033284
5910.995970181314
5696.66889693858
5250.417476914701
5598.7361044853205
5427.051274972734
5598.821865629938
5337.575900332314
5600.796923859787
5126.050709777993
5317.3982322985585
5650.80882201022
5672.28311920601
5863.169483084708
5312.30865700416
5554.822407476151
5338.855670250769
5083.052722609998
5795.577006496232
5348.242980445219
5882.146191235097
5813.092330876539
5371.84045542966
5967.470158947531
5094.423254767142
5819.368957342099
5094.964457397086
5180.859755601123
5707.582892498675
5885.224728899934
5153.209740072512
5113.568260187299
5731.434029069871
5866.559257540659
5384.607016730903
5624.496776643825
5151.076661416981
5694.159326127165
5017.421233518653
5302.379127307437
5269.026455305636
5058.576521447888
5233.439323795676
5374.650826512026
5819.250916525274
5075.440378003371
5025.73303537645
5172.307424992851
5856.667617417325
5774.5778637566345
5704.226061796438
5367.377832331984
5971.41962310041
5763.803488928735
5656.326284918707
5803.912396069363
5818.451034745392
5842.898478737352
5921.345475663642
5123.922080367641
5794.16938517776
5397.314129459804
5062.505271568003
5793.467040577771
5835.25932898219
5178.75004854597
5333.39838281577
5656.593750671314
5265.764274102992
5204.929777831066
5125.7903533276085
5190.1897651074105
5538.552426561976
5956.723167321289
5335.141553926384
5089.571191312147
5204.833023481671
5796.982403287984
5739.0182359997125
5941.79124331963
5549.253577772716
5564.752439241669
5101.126365505729
5139.678255803859
5818.499937325972
5079.3141079651305
5027.3597814527075
5011.607836536012
5349.897903726314
5366.2243104435975
5931.012311320012
5948.282758923773
5408.713715605631
5377.233007803928
5767.270341199139
5036.81285756767
5605.600800521046
5373.16962854445
5783.1604821512465
5334.727157084699
5315.795603092765
5981.381039060952
5604.151222020729
5595.805693803846
5802.438449953687
5501.629934359178
5960.251270933126
5864.345834473685
5484.1397325453945
5121.99996192165
5698.240178818654
5552.379518286631
5689.461740920302
5216.817262740859
5685.611076675062
5917.752722151438
5065.889077709278
5936.862979308069
5000.684950857684
5743.028100762295
5042.582669803258
5613.412991901649
5969.153348259171
5650.551963837278
5511.466062969287
5259.328828543889
5576.049972152079
5744.731654962361
5133.69211617796
5759.906936059008
5955.006844663768
5153.0381860287425
5733.279936080023
5188.388171519306
5481.15194516066
5202.043032603316
5303.058554131123
5250.197029982144
5009.298495757603
5988.088215468273
5164.550044669895
5599.03424088083
5009.961132373647
5560.937118106818
5736.559005941701
5192.045654958333
5005.1895301625755
5109.064537311535
5424.733935595307
5883.065926246837
5821.455433559463
5923.165392831143
5680.612610047454
5837.260702099547
5218.575032644971
5445.658591244662
5023.652850053317
5510.386711903846
5089.538196901645
5662.054074144726
5448.652974979304
5092.761523756738
5521.577109101937
5794.143252808487
5597.088809257184
5074.409267097794
5335.8238516135125
5262.167545373598
5423.528605089554
5785.231252077132
5668.447602381562
5431.011168279772
5112.177629426481
5825.485900955389
5686.507111076293
5144.601806447604
5283.842120837288
5188.989321091703
5522.260966624429
5260.540286393164
5204.609115057038
5953.395030745631
5410.943840665582
5822.832232909383
5757.041012472081
5001.856967284056
5019.9145401969545
5814.849734956884
