847.3297213475217
860.1537201389222
945.2773207073167
822.7144858068084
580.8390512015316
800.5693227717725
504.7211528677558
683.3548869739171
732.5131922385594
777.0548848998544
952.0091283851482
759.3279981882802
879.7603947258501
982.1575598412556
776.3304422863487
564.3983534562601
845.2678755156229
883.6842870342164
712.6239638771985
979.7511489465883
928.8941924159192
902.7481122003044
783.8544817519866
773.2594717589996
881.4206881970742
665.3172136996218
721.2023851786971
553.8253927377683
596.0011396884483
930.4658969192039
912.5755222469706
598.0355013538752
788.3098532257204
515.6214656256357
676.446626173342
515.7769483782531
777.9959224531514
894.4045295554004
626.1924311247506
807.6465989044508
825.1396264055136
818.644499096743
539.6040983318529
664.7844668426641
571.3546789862535
739.1258730539251
806.867240586357
849.1766110721856
532.2417792709921
881.6922528903915
990.994596640561
923.2053490619496
908.4038912063172
755.0151744125081
904.0508504558325
541.0727705496603
589.1443586891787
921.5591058741124
771.4498747507175
526.3010408188619
561.4888676945055
610.7753579335804
620.6932787881119
522.5389632023995
683.0505515243614
943.0265067732857
820.8697285307508
577.9556655816745
914.4122942430195
574.4965228793799
690.0461260720887
766.3470722817024
888.6888309871742
845.9335792483209
547.3452862551657
561.4329363985296
698.9927487379894
565.6789338069643
781.3674905667622
886.2348069580013
741.30637822692
724.0711396694377
561.8536773968472
755.9459539706792
670.3575098383925
523.8077676808923
721.9333587079345
512.6652860475916
626.6620724767464
667.610048760779
524.3941236132295
908.8593354534917
960.8825460448495
537.5660674089395
829.8649256787539
526.3037923768816
503.3735241652633
767.3366974775795
966.7434900791707
599.7017198924113
895.2534915898206
732.9629312952413
983.8468036981985
532.4428606688092
629.4219973874499
678.7651146084639
818.8954879832356
585.3734229713757
781.0716844365165
784.9873915227975
835.714132441844
814.6596674044167
827.1140423664732
777.8437403571029
929.6163233743486
932.4982946486689
891.2296853072944
628.71672272452
981.055854608784
795.8316911791636
797.1838414549046
535.0127737902584
890.65152641112
700.2311865532824
813.1396874482552
891.7781766170851
886.358563835684
721.9247545779126
721.3863748493607
749.6267410234466
969.3565190173654
656.0545894734164
935.6387065175252
717.4764628427025
609.443805879446
680.7586358785877
715.2706144261567
978.9297664954598
971.0857263278094
932.581249252725
967.914705635314
851.362722847607
638.5992147810884
904.2428208990771
967.9699639919526
721.4675035008163
851.7472613789
965.7929743258471
739.4244178642248
798.306141232804
829.6185893978356
618.2057189518858
996.1146179845842
804.3170656467646
983.7766262415599
947.4240200963836
853.680621136948
999.1478038481085
595.5805618915599
873.4017291718762
604.9530013719834
756.4658218664206
953.7615424204356
964.9961463157128
965.0595614459125
958.4471491410642
677.4862758482886
909.3046633787428
624.5334635167036
532.1568173203059
797.2357177453608
769.350678193642
584.5027699557994
645.485221165512
824.3793533814581
927.5583676614106
620.0192065677213
618.7577152594766
890.8433082391937
991.8321611164556
500.3735127002587
888.3836229931505
722.70227091423
776.0745827070944
717.4955680860018
505.21164941246974
746.3857806737649
715.6260300567166
770.0005371431884
878.9022058587614
845.101911823695
816.5239451524455
555.8752901454912
873.6723497001483
548.5359091773344
862.4067430130103
898.0750421959773
720.5566546141072
916.2150408027863
860.3263415823033
911.6580952415043
769.160308506782
755.5880625469429
884.1129005691939
563.0017153632476
825.3500193740781
918.8838206213627
787.2094732240353
905.4308781866187
714.4971764817858
575.1145117523483
533.9419663975955
636.96471764792
790.3211971470853
571.0858253058755
820.9893974670445
788.8270941070696
974.7960701465091
565.3956092680212
542.0316137525494
527.9902230126652
632.30557537312
981.1409145484322
820.156820626958
644.1320694485763
879.3093753715365
756.6162957059685
632.7493728100139
991.2137341866551
502.47922455597296
904.2626025964004
581.2679245721771
592.4168431137792
835.7523913597839
591.4636461559845
882.8799323650728
913.8448886125555
762.7546836648646
723.5519873826795
716.4868178258761
898.7860594913861
934.1345032978143
743.8177658924526
754.4365899793065
581.3177392030481
700.3123043446242
786.1632204263556
945.9588310887273
740.1945983294388
837.6984226183707
718.2720887789123
760.0138632176514
533.40598620562
765.9328394488073
546.6205188057648
982.219318491363
790.3558375380103
989.9555916702034
974.0619185152605
765.4621252700495
870.9535777535998
529.4770535516783
846.8094287638253
878.6807770396285
564.9150998949912
702.5486309391907
832.8292085998567
726.563861140433
718.78866460646
713.294107857244
926.2069520345987
845.3214204611407
519.8577587221848
998.308405980207
681.0132613707453
956.2265063752551
729.6320819757821
976.4925580125063
592.5034129684424
586.9031253401039
731.9328033680658
862.9076716694518
568.5189068260227
683.3300618036251
631.6191964509198
936.4537681072054
894.3342753698993
750.2972514188
647.6205193808091
573.8624645170037
514.2320592571763
980.4686086905665
514.5529931745873
824.2313586401913
668.6113347435362
876.0110739899458
904.1915097220715
645.2654972502254
540.2551527227926
746.3894923032565
608.5477922012765
834.358561118037
934.7962111391478
801.4392236486165
834.5243842555197
602.8762609860241
739.966172731843
903.7615918380425
927.7934129537548
526.5722165102476
811.6743730422261
949.879918607033
984.9539551085653
990.1551992670504
923.9000542514793
830.5654643658506
755.2338333832677
780.1241249309533
988.7260242714345
727.2409938371941
958.3755891296282
768.3848853694976
516.5621828704573
947.5446911829752
574.3894310671504
879.1728367163385
801.8243810984588
795.8087297133836
942.3487363675371
813.3172033684402
958.3447471252357
647.7695903005242
949.9171005521084
690.2724108386819
867.5382507758255
847.7894237088319
989.6241909648211
833.3467261044927
765.29606703682
620.931141516301
656.7107887728575
666.3281132087377
829.2271652262134
778.5596280123366
864.3723306092181
584.265962765535
805.2608520585559
684.4885456552339
728.2562616596836
960.2339853712961
811.4115658128055
648.6523159875129
683.9475198672785
618.972932165795
546.6132752774371
648.479086637485
519.3705363139613
799.1322020994187
836.5609616039668
745.1919568552945
735.5188084679387
944.6068391700805
924.8664319035347
979.2452212394367
867.5442742649508
615.4907355784276
615.524064369691
531.3874163694088
922.2767689200232
944.7294675114589
740.9541454051515
634.5551876128955
987.2152486848859
542.5465875219561
588.7527600195298
758.8796159830509
912.4973470390019
693.4652432784699
765.0180514293311
698.1272914493167
659.8255999667009
916.7731977834032
749.5522567025928
627.5834929975218
999.2955663534419
933.0086769065571
854.4277777696957
522.4525262888407
895.8044217871015
935.0487500415397
943.1408819726498
736.4764292446628
731.3014648987463
937.6660099855114
774.5776067348867
631.1327756932435
786.2091594004934
744.081480743902
946.6857932868861
994.427423238626
990.2517159953342
616.7448992216349
998.2993637830803
647.57434508803
823.6498420096896
720.3827950590378
869.1580124742504
510.1507393090926
633.1705012327772
658.6093374374279
660.9216424724608
691.5657888531277
572.0569488732992
723.9085270543592
943.5458677907307
839.3980191261471
769.4644008164087
889.2161469701941
951.7478830831155
811.5404893859125
623.6907375224304
842.5590928529451
970.0683148325397
577.0275161809653
788.4132166394652
501.33852034667444
826.6031547657212
577.1441987938662
716.6651756784314
877.07010579766
763.4786995898123
750.7112950331714
990.3220237562075
726.7654360729007
596.6751751284933
768.2464635836405
919.2470235590736
654.6892067242395
686.9326035994701
928.1780869626043
716.6667560717901
913.5903067976625
731.5627966400571
942.1130113152409
998.9089963051536
721.8320272718156
898.3031513768185
686.5197368496227
515.5486760090374
764.5765677009225
821.1240609342449
678.4811982842818
984.8911695963652
727.9186006363253
767.2937835666052
774.0542911085543
754.5891463118709
590.7967256497013
582.9457765357313
513.5905446937292
933.2893679502506
570.4732051574233
996.357306835509
974.2819003211717
540.090598732441
591.6888470884348
679.810617079024
836.7389577932634
730.4931445370738
744.3615716896403
676.5054972277342
958.9126109398321
536.6061222161277
609.470835148143
963.3316405746658
574.9897363836021
900.1610675832285
977.8735369257115
511.57055025584333
959.3499761279836
596.6508878268177
810.04453602383
845.4687166666712
839.626084649469
687.7405889990301
710.3230677329828
814.7226479759877
690.0505964534857
905.0429030015107
959.7762390164321
697.4554302360823
851.4051640209532
783.7732197314756
889.8117455693614
652.7014503343889
605.4495310571709
970.2320498706832
516.7365417560628
570.9750354772059
980.1682828617734
699.908008355168
867.4665142267957
582.7832289585222
540.0239050562174
931.2802472854089
700.7807394867227
691.2775067987477
667.0603926252937
729.0834008290781
839.4509811190524
832.4096332289678
933.8861400825951
612.80614204381
897.5299818671035
982.8178094703144
781.0249530813649
545.1172759312332
867.9973796315503
510.8120737812388
941.9472629344532
523.3341546817989
558.4495477094581
821.1816159355678
700.501443422344
664.8663622705151
727.9725704692136
929.4476370330069
984.7368315859954
662.4008866418781
695.5719925333942
735.966819163888
779.6789549595256
800.011131031193
913.1421879091654
894.6545637818685
569.5053266097714
861.6022755399499
877.0598277429362
901.5129403484115
508.5039200195708
888.9147292763469
917.3386669564934
891.8294259387501
923.2563013157983
833.594963149091
539.4757248355098
869.4128672912238
892.5083251185599
795.1316892035932
897.6802097701684
761.7629230716625
713.7079561924489
612.5803401084853
964.3201538044593
867.3717717910788
957.1261115480612
967.4538092121581
914.2305295181865
922.4706473530022
985.843928704018
932.092983149045
545.2419523088728
834.3613743458727
853.8316434919444
587.141306714325
785.8921014229085
816.1956633575226
520.0971390680636
695.8412069212559
562.1145230734742
609.7178219661898
978.5014051951111
933.0451269317939
849.8768187579595
843.5158224900163
544.7992409554547
819.7596374186301
640.248479319452
901.1477150939486
739.5537589213294
670.9624424040452
948.7811446322224
670.9310137698541
726.9296701785813
750.2752989854035
831.6422039691997
814.7295978373262
705.7996590952371
989.6760521917757
886.421964320263
974.1353706871595
683.5446796796501
683.0690219645599
924.0830469781355
649.4279598665219
786.7676938413549
528.314254179049
748.2848348871483
671.2226104737275
592.0303847814976
952.4237721754647
844.134992802545
852.1262389092853
974.5584584639796
717.4604221836378
855.085933315318
790.2315910492448
547.8226626923308
730.3080897003672
869.4792239630008
762.1442248913402
920.4194616557472
670.720329049705
963.542529888945
858.3775300149689
781.872231576225
655.4260406820779
716.8766000029198
791.8588405483051
536.914042714626
502.42421385452997
719.0928565947881
959.888154132856
548.6205445159638
730.335990218251
976.2088737907497
658.5723513614304
635.6586734531526
885.5262831026396
583.3985905223625
913.0720913912846
876.466172018232
982.6180886109153
830.4412419869925
956.5637943877474
740.9195297064338
824.1253835450163
901.1612656618363
591.3640741729909
828.8554168037841
855.6680515402737
931.3756947865726
903.4507490582755
976.407230002269
751.4234778738024
588.204099034577
646.6996483732969
524.5599523973173
710.5114539192097
869.650842727978
791.2870542108906
862.6273407760818
573.575843334647
559.5678795218404
516.4928740970729
606.3366160581518
909.6198393386514
920.824424858456
938.5382274916176
882.5226728529351
567.7330575794209
677.0534909832268
659.1575911370351
781.7132601081839
755.352741464553
911.5653445922252
682.6322439138694
505.37771487590027
651.1436245399751
797.8005726955125
536.0162935111413
861.4908901264952
916.37770089734
742.191173877159
649.9667951463521
638.4630600899004
802.741387797752
914.0604147605284
512.490049204958
879.2753826425925
502.79313912393536
987.6598586424234
823.2862641237946
614.4227682268273
586.0629966268202
934.9157537193163
522.5274213785358
732.455902323326
718.7374850472586
867.2584392836833
705.7151180957014
848.4035347495007
979.415207622925
861.791712864687
913.4288340154351
690.4939920823073
626.3688064572989
784.2326771588891
814.9383247556214
516.3211407278202
621.5727921285479
735.5030996927987
882.067478332795
617.7588402603909
785.9645577152114
868.2056416417095
994.7907657144767
921.3759366999157
828.745740814825
899.5554556557934
878.8279409519903
790.7248648699401
879.0417332279104
992.0785010699362
903.6037171764674
507.4218419798837
995.8736416193096
606.8361097896088
678.9040013004559
647.2651537863863
500.02582621083036
830.1100154254879
518.6663059801804
729.4892927095087
597.0038589706503
846.7097416971428
547.9844258180678
704.6897900585329
824.9865996394788
665.7136698705741
577.8560957774615
869.4447962347622
787.0238604058951
989.3182938747414
559.5038382034311
688.4354353704526
980.3881414777944
952.2294768816798
834.7969069380408
622.4126411207391
767.6470325221997
934.6375437180124
675.4159273052926
566.1383675688219
848.9741259910131
733.0457116920398
790.2735098915288
591.9541841332577
525.1053045395952
512.5008365577074
610.7951819743264
769.3343333658593
645.4350176028304
511.5508753182671
936.2223647404085
705.5176886723167
724.0496558176319
726.4866660295918
621.90669826125
655.3676935308229
885.7629440302131
620.3964637373183
946.9294396695784
618.8423251807789
566.8800945516837
934.2830777885932
704.3659426164859
832.5867565284191
797.4473632475165
527.3720853655941
919.0327668908508
932.5031836925214
680.9231638395445
705.2299078427077
976.460450150334
918.5473201618256
877.3079841027063
937.0666108298146
772.3024794820691
644.2592817958564
695.307804920375
596.3148029242848
665.943318254873
832.6645631802164
654.0413060485828
997.833569084202
875.3536450590218
783.3928323165992
844.3771901276598
603.4012680913813
839.4309572744248
842.1242523185342
861.6318805835942
578.0936238340234
528.7781831719394
673.7879667895602
891.1401184087989
664.9907377154431
864.4982693615634
709.990131190092
986.5676800027296
777.0726068091627
656.2898996382615
830.0675733130813
853.7940660024924
827.3957891370608
818.4682725930959
945.6230383369241
668.1889990749589
725.2228964677041
974.3722146751127
805.9631268754435
659.2684529798855
956.6451808885815
574.3966144554914
779.0501987564559
564.4970171286213
647.8686335490672
690.6298870984575
892.4250542234788
757.3525532970659
831.9699226652651
995.5562467404128
911.872212422468
659.962129967046
772.251095935072
995.3206323894669
669.6775732507385
844.9469676804695
848.7499710095831
999.5374607583494
928.0897703575642
992.7193856325408
663.2083664384348
733.661515466313
568.0058010177484
662.0545616808852
653.2990146819222
657.5780091546991
566.392978317851
955.0298510743321
909.7933782998815
915.6408561514093
747.5035101329474
808.1927019974364
983.3673753076168
664.6051513303896
898.8046502377181
784.9628215212481
564.3481650672227
795.5952547113257
771.4881506433626
613.805827055138
710.5252757354747
958.1503211442275
601.4809073751902
870.6136484455609
594.1383924661972
956.3217366646633
799.4055033896802
836.2214264805265
772.6937843784144
717.7138161880135
572.6831321890633
522.6375012811076
634.4903635699457
703.0817568248979
900.7645895041289
640.0889270369242
869.251714496698
522.5269222626332
873.2108216425793
924.7057998912185
989.6401632113841
672.4749457504698
676.7258378233018
573.6410635518981
937.8057513846433
764.6414674795394
593.4451340698182
798.9020029007145
929.8086335603052
595.281182221475
702.4152574084283
889.7551781768963
584.10255420127
968.5505156484091
648.6208342587477
798.9867141059174
565.3860508988045
510.7637928160084
600.9912069037182
575.488055097006
536.8552416895996
757.2910207452546
529.7516951705917
594.135484973159
874.6184521185252
697.1956692253601
687.8009770628106
583.4011505905718
857.5557020833733
547.8114786218246
624.6234060295999
940.3269985043348
923.2384160224459
754.3225264126211
942.7069439351641
826.1899589433724
565.7584889263054
676.919401316175
715.7178055750242
665.2492046151933
981.8691476520811
600.1474772727313
943.8011908213355
879.8965872211922
816.080878153047
627.8092677926375
874.4202717658234
620.6820323742601
815.2646192286147
787.1180894157321
912.7098908316897
534.9372867032602
529.2759072168992
924.4321074003096
815.3201203488615
721.3433616121155
665.567837968504
519.960164158613
752.2413947406908
641.884033731281
638.2796860875192
996.3945988306368
957.2283565762843
948.8963572896023
962.4478587775042
778.0702683540267
954.2686008832052
807.4271284541765
870.3911102486654
664.1258499707121
685.275962358009
958.1358282409809
632.1216048682154
596.4428403928456
664.8536455687419
878.5039297329198
624.7825419129379
512.9340508850868
978.9062247675529
535.1835012473191
529.1844304118952
620.0067270759417
857.9516318523987
733.0371975338751
903.9535853680292
921.3219898651814
951.4195279895948
873.0720480698321
629.5396005207425
957.0021269288508
694.383167699768
891.6210006726316
663.7731652401436
901.4810529888166
756.830612019834
863.151505635632
806.0177985293053
519.9184664561841
632.8884767146144
914.2067094696565
630.0151118599297
906.8046234120081
845.4788917341664
501.63747237013615
670.0620156916132
911.2235165356014
586.1483760693011
533.9932530392442
553.5328553760598
590.7297731515234
581.6717556864404
668.0293623306562
672.8495640608239
756.9026573254258
596.0811497717568
602.5287468755711
874.8318346830606
506.2113169844922
581.9911286812633
908.4095591082232
786.2509126109014
560.6157896005224
979.0261139673969
839.1517134096962
876.1336417210052
715.6449529863528
988.7049623035946
968.3933210316281
618.5770668900838
748.4420121640013
758.0738176039486
781.4150502799355
601.7665886706437
751.4278271611056
616.4222232051792
556.8121020583438
902.2925474331128
983.8909492302383
851.7095124296379
914.6614185893784
930.0954770784178
725.9879116240753
997.4928142909326
732.8467921307449
836.9721460560046
660.3453432157745
796.4154839100526
760.1255184578893
961.942837688079
825.2565489574158
889.2796089017553
559.7701843579592
896.6451820132625
589.6312756043734
500.86246808621377
625.940160960193
589.5925821016384
990.5088816234465
746.1483907756204
620.8288068214049
868.0945020181318
680.181657150171
830.1981377649331
589.364205466454
708.2555625420939
597.6397733301145
593.3975790613158
969.8517934224674
712.6015973872707
506.3132324034043
863.612191079543
673.2900802026485
623.1302356199305
942.9772787970303
796.6136634089999
532.6193336491881
510.54666194101446
595.681983835733
824.9192112058427
537.2053854334221
620.9863438032354
737.0125453517917
888.7189473551089
878.2121985689726
579.1321338665542
548.3957601676791
789.1739348691655
715.4361345007114
538.8132332947013
863.4228291567365
594.4570624053966
849.3263256678638
962.9614207170664
997.0684022383165
653.5166486724197
848.3639347370897
607.7563675062557
777.8306960146363
590.460231101318
552.895259624331
980.4510741813481
940.395673718249
515.8261945366245
825.9509362998251
886.3591622480674
787.8638531912513
858.9422138892808
599.660659403561
946.7939210814051
517.39389664565
533.9177879458412
886.7744459765939
797.7545183228676
654.3563193943578
976.3606780246555
892.025300506458
641.7030783886512
590.662586153667
536.789033652965
571.6000611862258
547.8349006035776
751.5377542824889
777.5649243060946
505.26213656799916
877.8633802740642
975.5883921183178
604.9720282337175
796.2764023332961
687.1769817353586
607.9731851238687
967.2683874391855
809.839042134563
622.3888381030033
938.2905427918413
981.0117754068074
827.4781643968174
518.7158332109575
708.7479925145622
508.43468916615427
895.1949425998619
760.6650508739245
617.6269751818326
718.2095859314541
837.5739996786665
880.1899189801679
537.0353518622894
818.38521142072
668.5671256109221
955.7197779995257
929.3623451331011
501.1818804625572
696.5126510890115
807.4311112978935
971.670288638799
909.9021635385906
801.0082027034905
611.5546099959499
988.0010747334849
654.9328371420805
738.8113674707142
598.616529191147
999.1657820254557
610.3487503043762
868.8443352315062
637.0280652389151
984.756179992859
965.0130170690535
552.6435002603514
889.1026600031687
932.9396873682695
926.3342591607282
857.1538480606555
896.0275734990357
636.7474780949834
943.779243560153
614.8284661884052
750.9973075444893
768.1595083222303
645.1045201114425
855.4163162143318
534.7085376251872
654.3182886964329
600.4814088353854
853.5925506726788
656.752800165518
976.7898755638082
950.3342185346039
670.4651407845928
770.2321918416754
768.5665322687977
922.0446278756748
511.0760415565213
641.0612702647303
880.5764220429437
842.5218786763398
598.0948247622114
926.4573076690442
934.9360526011985
973.2334245389409
755.3358983730118
972.0060548023772
633.3503249745887
603.8944123729648
668.8960271831164
735.028418894332
900.7582161523915
602.3975149691803
635.2761692719995
942.0763887799253
714.1255960624665
781.6157613775736
969.2733828204076
903.0875996731513
684.2032273454641
824.5101747864342
846.8354747621786
683.7478437147824
787.3104104498494
903.1262285632537
514.5287598665689
528.680910727606
632.5823788659185
895.3126318217003
773.9174796871764
619.6034123547674
647.3823102507389
801.1421600109737
793.6232861605638
581.6725195301872
624.6270709974689
538.3168972340965
698.2041399027169
741.5127012126356
848.999403921532
918.194320158575
683.5257077530866
614.3499084584513
535.6998468399498
720.6926738816315
977.5730383260989
576.4454343674561
887.9413230901096
612.0073104785987
952.0826575661026
658.4242668646122
507.93043585198876
908.0541210811193
851.4713939030577
654.5221375947642
964.5396147515514
700.8808881588453
782.0933519591267
652.0130424998581
951.5316112301352
600.2180194606588
912.8536588486536
662.439057793173
864.7363284024395
729.7058966686079
790.1080362097312
703.4833918747286
934.507243319609
513.4982950836741
825.0881873982622
848.7820978394368
883.3512501113844
671.6357465410312
775.9150821565004
879.3796337423059
782.3103409562635
703.3729395477694
802.0649322190784
565.6460996249983
862.2492024088676
889.4829585550145
918.7183421716534
865.290750698911
970.6215434572631
647.6522930748125
574.787703581366
895.8684115446338
686.2092689617537
898.4094294446747
718.3826548112776
572.920625766477
992.4456116148742
894.4448778950041
594.8112665121461
670.9002330032214
551.8967666301771
741.4079400220419
539.6619681796643
867.3437254907849
548.1959785321976
681.5281865367193
961.5987759292263
997.6392741284292
944.4646580368078
517.8411953708502
689.5171826604385
908.2355935981317
665.7146969651366
557.2812882194918
890.6756999591362
747.4137608615399
971.1399543010264
947.7702152473441
921.6187580648609
890.9133066439456
984.074271118712
586.9109959235175
791.0510367351958
899.2237008878127
877.1330788260469
727.967320180438
754.9671261783527
777.2075656954419
571.1241357481117
534.0225263947001
781.2982265333184
871.100394632751
724.0066135703493
674.7505483544751
900.5798856164008
906.7107807809061
572.0673834360903
526.7443528196892
613.0839549009203
858.1255401716426
736.90959234134
748.0638614207879
899.1160149431801
696.4028297902028
898.6748656564744
515.0636647414271
813.5522933736365
646.0184206931284
913.5035062947009
895.8834895155419
728.2804978137054
738.4453803361637
653.7742266826588
519.7585439489834
969.3688121488286
685.6570927342345
787.3730746234035
547.8167379248338
763.5069963998455
654.4953770948164
797.6792062176612
697.9561069416095
795.9680741534985
949.9656063985325
829.3000057541469
930.1686271773218
937.2115045929802
722.9798815141751
966.7635498271852
692.8510430651529
802.2119452727727
596.4025258369288
615.4957448230443
733.1419458416208
677.894691368077
914.6204207798833
611.3124820752006
948.4333062703172
675.0094234404901
809.0374997833756
827.9211436202058
554.5005175839324
831.2095554597076
598.511407355166
909.7808463189435
724.9673421551896
898.334985038671
679.7030444206789
706.8893562779609
699.586556974244
563.6954929857902
994.9686981637482
555.1221990797534
948.9985538508492
643.4515930247384
810.9425091205721
871.5438396832355
955.0134682243873
583.9705150229328
636.8787650620525
640.8577344398401
820.3425631262585
549.473836318775
820.5068538054925
710.1705574705464
858.5889689684718
754.2291332948948
953.0168433561213
946.5339991965056
