993.914765906335
987.5209547137683
813.5348421413732
698.6152332428537
887.4911166488043
715.0337344481011
503.7488436418649
619.4539339770897
508.66724329865957
576.3025679193692
503.6485850660512
696.591228781738
762.2665244182826
659.938279282612
878.8292878901404
657.2245091222217
786.6871921246475
959.2548227531734
800.7069400164096
847.8783553572516
726.8787178242576
626.1220981177238
668.0799138455111
975.2065736010875
806.2957939213239
706.0682233301983
877.557480157679
949.0045262950416
942.1293593147599
652.7501803822663
573.976632889236
582.9152500911875
979.606507851728
983.4725325145164
588.0722681607616
797.1433952586601
729.0512052320111
957.4198610374074
589.5248547177141
831.1371579704363
801.2911582847873
746.777371545073
774.3785059146173
933.952877501836
862.899077778208
983.8828213680084
839.3193589247865
936.7170660011706
521.0845516091341
785.8825424208762
627.8429721788212
881.0904822882906
625.2454647619234
624.406218446286
653.0672845763576
690.4068543161493
865.2707669216882
694.5217287703164
923.0638881819195
725.063746902809
978.053779796794
690.6164676670617
718.8073357465767
876.9876120760291
537.0194765073792
851.6417307908798
865.0694493782862
560.8568361190021
783.5924192098953
821.8840699494026
642.5913800227579
518.5368066574933
613.1085663207117
733.3676201048303
905.1558744713689
785.8924014757347
604.2870191678753
761.0583857916192
943.9242985398511
628.4714978002783
854.2822669230409
981.887319930481
932.7801324176219
935.4470204996547
935.8306713364915
866.064542208514
510.96277540545987
916.4021471677045
565.4621575005208
581.9795582618667
861.6163901983525
820.2391595798133
580.3986255872644
788.6985414925621
730.7769779644783
693.8260758099075
809.1795213504361
831.4130828519278
732.0211077692385
969.4237290432844
754.9217912576872
709.0381204734431
652.7979321291898
824.3992676208089
669.0909882172255
876.8821761849358
930.399359083902
674.2561992976181
811.2293115502318
512.2722878982918
657.1812923329259
821.6967596121755
737.1254651785777
962.6904962644286
738.809362544909
933.8420306991886
702.4036385775539
867.752768904172
792.4038330623056
697.9621296537892
975.4368581714341
502.88607133568286
901.1450416245066
588.6624700982153
999.8772984622619
900.6134600909888
686.0279514379201
731.5566003043292
508.7460388419984
550.2144503747589
524.7427520125996
880.148503767194
697.349688888678
670.0044373413012
869.6850800254654
633.8184449402571
503.335300694232
519.7467819832209
800.5744498960596
563.677560411222
641.489483964586
824.6091640148808
503.94863495559207
765.2565519462371
964.2272548689168
888.912681358162
659.7600560064233
790.9630188624739
716.527796371749
961.7381341817795
962.8423340600286
825.0376110181367
595.0386906195814
938.3316209187108
823.3975065752298
560.236602569562
786.779096861879
619.4457514599753
767.0815624261754
633.9664742462468
883.4202394514584
713.2735669752507
753.1166007672905
658.325577005797
652.5125617470649
513.7868439562232
577.4649613515943
609.2756000610362
934.2033401399215
875.5011795725657
548.1722670132117
875.2864946856796
724.8916279364472
619.8258058427493
504.61498700840866
637.7275352281529
768.6289069551882
962.7599030898057
865.8989103622268
517.5321046620974
626.7340379053966
978.7773662623927
639.5264772991429
934.2362237532964
926.9836354703483
556.4233365078352
574.1081726261453
947.9449710740378
595.5752280371364
525.6811965307062
615.9146868402507
986.5407709894353
513.8955673009533
826.558748472653
564.790807978717
579.6133533664103
659.7009650181797
857.4746225666456
764.4052919376938
532.6936690231793
522.0677347688307
691.5535054506589
524.1471073558089
914.2427343921179
643.4283723785331
913.4063394480308
620.0162317114427
866.0818361183725
500.35001750465096
919.3015088834212
679.9509488327208
590.0121265008306
802.6409838447614
580.1202230012229
761.4683305929377
876.9726144843976
800.0497813694928
777.8175425110921
674.1757666914733
515.8083479946231
660.969046247028
639.4043644814669
612.9838669261756
906.6762866256848
536.3200359852003
687.6498754778723
711.1507486156572
671.336997348249
613.9227406487561
890.8951056501447
911.3167459340564
962.066656709181
937.8541019978974
686.1846718106423
755.0693182399455
953.0940750210432
964.1683088032437
735.0185176944958
561.1234308053712
970.2254672606987
845.5284992670697
806.0718067201456
869.5454570082727
852.8805366923098
899.4975125724743
796.9783915611708
762.960421999275
948.9509493941159
649.9119250889162
691.5011513304567
578.7446250743274
624.8297553754605
593.2969612776866
526.8532883022341
950.2011638129795
619.8110382838686
502.35032266885617
574.2636729878859
658.5164447101513
794.9060298070997
957.9831915294294
769.8990079823036
531.1427260982264
956.9471160094893
819.0273788678992
797.4745843090691
893.749099136019
619.7128724865053
953.9231186138943
889.1588094377794
746.6745206829388
683.942867139089
555.0769980230568
769.0279249188105
667.668245390533
679.7473641691295
837.5456017307276
999.9081043146826
625.9740502294869
774.5028091433329
950.6611027668657
910.2471281019784
619.4124857876919
814.2495460781292
641.3952824051466
813.0397069559494
814.7187480803425
880.9211517818499
521.4592827387677
742.6727725624644
631.0804501311592
987.4254809416159
665.2696201965167
686.7502926502535
823.6476161827779
852.2622526796674
982.2882535554729
818.5582596427694
977.5848358876968
707.7465495670647
927.6296472802896
672.129644406523
538.6308115545388
651.684993800456
874.8493975600172
702.8751013268038
817.7488437221685
511.5254916939731
512.7589297631746
703.7599591723708
602.8353123688935
559.6337530538952
839.9576684293004
624.1392126799292
891.4763238527996
696.6901581747982
889.1220276686803
572.5462740493622
811.659223878902
538.4251563216634
937.8579887958023
948.0064010228718
736.4010656010898
523.4103960002892
935.3972548293757
664.2503366040444
619.2628271857743
647.9181079594371
945.7274189247521
519.2663499238945
938.4372435650987
644.3193242636335
732.7682393907705
835.7786197928322
502.1929266601089
790.3875301216865
698.8826623790346
810.7921044979273
688.909733532748
577.8676435074398
709.4747267287435
593.5529102161622
712.9114051880829
641.0966063209298
502.2865319572007
546.9391353879811
554.1447679123149
779.1873270304109
824.1715968982232
765.8678791556156
515.77364853177
730.6497387061622
677.2880859246138
879.0318350085674
755.3669824725587
829.8498200686558
507.7544527197376
772.8110394701525
859.3816866017352
613.2139014543906
894.0542408042429
771.3826430236275
832.0999634669768
860.0603958705057
720.9436862937758
612.1588997605219
960.298172825772
699.1334988156264
801.7255065830589
903.6853057467233
747.1822647789168
823.4430786900604
952.1764181501762
695.0110158225173
909.2770665987788
779.4531416559394
934.6136697424616
667.0160051761702
832.9460844164232
732.9950998137691
554.0608163850333
772.4397666772334
526.552002016924
611.7119406462034
552.8701693999327
733.0635730044411
888.0529364901012
860.5961889454452
816.5983725433766
669.7596923925115
796.8869684945599
589.2313876933284
743.896787283079
780.3526316116491
559.2653377625413
763.9143645336942
502.2450227839361
681.4812116205626
799.2951126380387
797.9211432578797
968.3259688105502
833.4129274032975
789.8011126903984
654.6955187848608
726.1665399382223
966.0101910968153
865.7227822503503
612.0519355990016
817.9867292599445
638.8793043522497
665.9585717129892
838.6749066692356
578.9040454510842
583.6244810507632
996.3182794947817
557.5552533531758
831.1053872683638
572.4630328014143
810.7230330298034
521.9430770621883
804.863977581191
737.5468876416704
627.8111555354328
697.8226882695469
568.7972448873898
827.1381695904589
550.8615861077326
832.7526160572783
637.8777384989655
500.8410468545732
950.545306819108
617.0643526744568
957.0714930446297
886.2926685921483
675.1945637940369
871.9294079728156
600.2816029133782
705.9742212828917
518.6866728808535
644.7475427001514
649.8605005926586
557.3179856538355
874.2776127998638
997.1851253864866
655.9052122201139
858.3443078606374
534.8219352154078
826.0451471456403
686.5448035903156
927.0357637932563
659.9182958760786
742.3145413341967
937.1336044684318
937.8299861367805
668.6001026997837
843.1852487273059
530.5251115811648
886.6778286439268
825.2586824216196
586.7100160909962
822.7963584637321
615.7965342871591
600.9625770887117
886.7334598641357
785.5296452485225
778.6294929988662
721.4743453291414
762.8568889378648
687.4520852681349
687.1613461830748
571.0177445309217
992.9449853601249
765.17710337904
972.9998685534961
906.4386519363734
760.7638766372006
519.2806971730614
593.661079221722
810.7067233150152
692.5428396856009
953.0702026038311
963.3916610244007
818.5452007618006
894.8266691567608
797.1543211282744
647.1550278125496
964.7740102405935
804.3826723899795
646.2425093021689
637.2057977668427
807.8120418004924
831.5444952700268
767.5431746419893
626.7259188327262
539.6926464737733
730.8581194174665
518.1535415669391
782.0711301202975
619.6670091767395
760.6075911957746
989.0297707572311
918.4105048366919
613.4515533241138
744.6684019385606
740.8720151306262
764.0444735121617
781.9999131920217
906.7880834616637
952.5381208860344
903.7871236331385
941.8815265880603
833.5325058011695
961.1642673479214
932.8528900599443
866.6842077169044
751.3485663323072
649.9483412231889
739.9772613113647
956.5111444320527
654.2176022905767
864.3243444506215
714.0735911750683
993.5377365812637
988.7971101501042
648.3442735387194
932.311143944232
551.9976163670142
830.7668268432285
697.3323365008551
944.4037374573054
819.0126517547372
640.4259136013014
615.6250935161136
695.2096751020367
905.6490880438942
795.7026769945711
835.6422911512108
519.3360272284872
760.3260759844437
854.1134781565543
596.8953128676022
715.1080067681884
542.7254733815421
570.613921248279
819.9066363539919
916.7739425460659
765.2058961148473
606.1520361045009
626.7275896180494
966.4033372480958
897.037697658976
876.7136616139464
728.1414141898666
801.1042020658181
786.2543001109714
573.6051825945452
777.7127152419816
505.0463339070453
998.5895873724623
577.7600535774956
899.8848691089204
562.1760993431019
807.8091719111524
689.0776539079878
591.2826560240766
522.6378282352057
989.4936106955752
612.1365447501863
573.373186083346
510.3178298471574
644.1955394178083
916.3184401483912
647.1823337160189
850.2540085211102
954.9258075236112
961.8173769881207
590.6513230307856
561.8140780696223
595.4203026696564
629.8911915926393
960.0935003956797
964.1026698287582
652.9849278022918
571.3030324070438
588.0226886944091
613.471215748128
979.7150901123898
693.3838496002032
757.2012218520886
759.3463023849313
900.4533215087413
978.6332510954945
802.2832220449858
535.2558080320894
920.2051319941485
851.6820194461752
770.3841122078219
903.8367627239064
551.3997138740697
930.3095029096248
860.0421616148508
598.7055308170058
922.2742726390354
666.7745583582612
967.2277643696298
674.2123165941159
575.5379499227643
518.9337688937346
910.6723470059256
567.555061345698
673.4801811576044
503.3799074213381
585.4223266943849
884.2815260125757
512.4816611650821
911.8517472181935
923.9663305171514
565.3926103183511
605.4517314447833
655.655863413682
954.1539750837899
899.0181715870217
884.0615242156564
938.7970330629439
723.0337356476214
835.5968901763202
858.2577077973049
956.1709238167459
699.3721160826076
774.7370591866791
529.1161509199529
871.2478848032533
543.1552839530469
796.0442444144851
901.426019681136
926.4056859001564
704.799623926771
696.7338488136442
510.28368653117406
584.9347998701984
745.1184841623281
664.7171380734519
776.9480642804933
981.8544209258721
838.8026312404725
812.6510574948945
892.8682948370556
544.866293302003
724.7046803869166
560.0948267676483
622.2995039175111
989.1338753345929
897.4136701480613
745.9607004285783
794.5059019870981
666.0323664910209
528.540668154419
913.4852093718723
728.0189323578586
821.7031249486256
549.9161364256523
963.0583755312557
823.9326726850788
955.8986453460881
605.9734579702648
946.1061620267956
831.8183811367126
737.4612885528398
859.3843095010726
587.1412598276579
966.6434282626253
909.4465256002441
751.184071113933
585.2615628077992
559.0010651222387
826.8856426308969
813.2318821638191
714.8236749567758
708.7871626866887
827.8248174168177
742.6407982818056
563.2705259751381
628.2647437933891
536.3311672566398
559.6793843263127
722.7819370897198
706.9291798443451
965.2682270663158
870.9586296602735
932.9979594844976
582.029571100005
509.0348384105534
652.8830408709416
613.6102208422477
748.3638886413089
894.1888023009028
596.3158729620122
736.2718717670384
723.5999450808038
997.996950197677
793.7663436150267
606.5334468725707
575.3739349171009
952.6451371538659
940.6516512434637
880.9166204782208
768.0734915598387
940.8539823054764
947.989194301235
555.3759459050304
875.8677296637663
726.1118251784969
933.648949234607
917.976056475701
692.8053411078452
719.8550660416615
547.6790980262855
503.2208173049302
898.6050515305232
790.9399523766544
978.5158323585237
556.4466843165536
651.6086679358862
761.7785970182011
831.6585702194288
671.8533491507596
578.0592496200461
791.4912911359295
783.5494400908269
656.6624832237464
908.8113250897911
869.8480370586601
730.024003417068
891.041397580351
873.9085336914226
799.4501899418126
904.6546904590135
597.4626185439249
837.0502244318831
876.7405263339176
612.0080405632275
727.6718245123764
988.1496790792935
846.0221127134015
887.0642334256388
692.5529950477469
621.0239880357046
808.8857208322804
509.2870837872233
989.2950439068516
513.776126396904
947.7726450659449
683.2551346814639
964.9752973984715
901.308291089683
758.3508730333144
513.7729225553013
913.3574724827665
631.0422096995927
931.4748672609992
543.7299597494217
637.3572523443938
528.9667840562852
601.1913557680989
890.7996773187867
878.9975523665199
902.0274573331719
509.2856322316959
623.7571091134532
908.8309858041275
939.2131801883617
707.8196392282186
914.5125482195754
569.2660386843085
553.9751635438846
513.4971995850376
653.0327026789826
851.8623531071364
811.610616289086
798.3716943703698
707.1476391361375
593.6613261576142
755.8923657005987
500.51829225605354
976.3765842352774
634.6563380727926
749.8418617678527
764.8400265226953
537.7951620933179
888.3875981973342
536.6666045591089
610.6675420029076
645.3940629026075
820.9459522979832
613.7500360179419
598.3099337726853
645.5657747201761
853.3718922423079
997.3645735960531
565.4144051266561
735.3487093515055
835.548474794681
636.5207641792995
717.4328130932266
761.7297461474354
865.2086735632474
541.1251271895864
706.8984855697126
853.0625049122174
914.4520022986034
902.3408616028621
742.5576595083035
872.7374347502231
533.7780139458077
804.1464816893836
704.8236810778858
911.1990963316437
528.8378568687441
849.3846037846845
982.9284597116139
598.1569578178938
830.9301066478761
901.4251431805558
774.5626615731894
979.7920977529128
813.7881996279851
689.0052202166353
957.8365410628535
768.4821059982467
666.2530468436681
576.9366170041029
849.4136639557253
529.885961166026
675.2703039832991
890.6157260687862
694.6131327262354
523.6853429760478
863.492085404891
590.3476145209908
941.5759193650379
750.1919251162107
720.0825672683472
562.3238111355972
715.6053024553303
529.4616614569388
805.3797025848376
642.3475747623166
752.2896852780668
925.4844548425265
547.8104174231452
767.9267372228992
758.0006932322967
568.4806645057769
644.020761679654
683.4012016024559
527.1911302957944
624.910531895116
740.9431052570136
754.4850305688874
797.5727363296622
572.3473521306374
674.3965450865267
998.3550118690594
629.6019455614861
658.0991329677374
668.3574008741459
887.7984109442876
898.0326618113302
870.9492256225619
650.9124425615596
657.7780745168
789.5155497605826
543.1078283901503
991.2460860531789
637.5476883437785
714.3291851844633
946.0118679186091
620.6203439180719
854.9478393078498
601.2677337078782
906.7353207668077
814.4736748333617
891.8079839061104
688.1609087094719
931.568701498747
834.1834685963394
718.1296266980149
723.8484346198669
504.051419986569
882.6487020278033
716.610840173947
693.6097494819792
960.2411602328714
786.1267735966046
975.2466630064695
879.2027757846022
826.816865739344
775.9182941137208
593.7586015733536
533.6318571553347
952.1941192888198
993.7330292642273
722.1511956364689
611.9489691279242
846.1788536066304
583.6906610155733
710.136765567393
557.8250272775377
631.7119659564925
557.2712489948101
608.6102610243195
823.8694627355055
870.7651140152285
766.0540561101951
801.5423451575869
596.2110454202477
868.1819676379525
609.8594753095707
912.5191631146349
870.985772948711
785.8997223070055
710.8675762437696
599.8809773073127
796.8067343792789
923.1786219926264
566.050829390364
826.3847054522605
971.918028188032
871.7144736185949
613.1450637974167
877.5672213346356
725.4285460309072
905.0569212158365
547.0349008182519
773.3544361554499
711.883390348236
641.2790102409219
524.3620244017061
818.7607089180174
885.7270846207031
937.882197136433
634.7326038058654
517.6529458370453
984.1181917613599
636.5766625450484
961.1152165924093
536.3119465705796
896.6776827637065
839.5202597540483
960.9545808341957
845.3527158116658
522.7802078714194
990.730189912571
818.3886691195414
878.4491183242119
863.2479678436936
875.2338593107643
620.2246145988536
641.8171752229597
875.4038214901958
767.9504860171019
623.5962162917303
893.4496848869721
798.5689245518469
802.7510017287527
842.2108378733967
586.9771916437733
887.4436979828599
759.741997475182
971.3830386346692
685.7481076948952
860.6877914550184
516.4221105997914
809.5072157661132
631.9296514838416
619.664452129176
638.748913741188
630.5957134828784
699.1500352656228
645.9527180490628
929.9167200304082
611.2502058584471
738.7287873229202
549.9515646593121
792.8348805999879
550.2246997228342
950.8192294253289
991.564802287343
980.5049496023114
757.7177723500159
971.3262312947411
637.6765423020863
799.4552929059075
758.2798907398515
904.7004829043403
941.7329824953484
813.9438096461058
855.9535771868984
940.3405250969063
855.1557152642824
818.9990662535429
979.9067001968845
701.5519874029358
719.5939327312334
913.144791575867
953.8608518423741
932.6699162349846
670.6483390073998
825.9362067517736
790.4739186951838
533.5899566670394
522.3577452924653
959.4404315206833
948.730479250916
704.1106587000313
579.1229417405975
722.7611616643836
800.8306341414102
608.215228468042
571.723728022763
508.69996411845705
541.1049016192486
806.3701493524563
544.9046228366553
728.2875208700256
761.3675121640888
887.1450234015205
820.804339180411
693.1063692490192
924.0260462788863
717.2610473694458
982.9928280682476
769.6916531036422
882.4921125588071
786.2809562945504
825.4113216053204
924.9036631379604
662.9961623912242
824.0134239165874
904.5614539613579
967.9576238600077
864.3925197340011
731.2572709631407
575.1275930403352
719.4869566845548
524.2790853891785
972.6202018089763
865.5861297294348
642.1278803898998
601.905585042841
546.1875799736454
993.4960623965003
626.3892404648366
556.5750211523671
911.7502267443326
834.4411497544766
502.02953964081684
849.9951222119655
929.188953405313
955.3514121675064
883.4922718850366
747.6640207347032
939.635991986698
793.1039409611693
669.1697214876982
602.3520583155381
716.3696207953194
506.3579853382788
557.2679151672129
726.0035470326848
833.9586125069827
745.9686463411175
706.1568169538717
561.524883517289
819.6062691565387
954.7454780966922
518.2184911754811
806.7445821675883
609.5391895295638
982.3878943690753
778.095221823166
800.9788080984695
669.7171110644362
793.118283770637
805.6544963840472
570.8064357972953
759.1886835408889
989.6122670314675
947.2113746789713
554.3842971211716
665.8269905951363
737.3670535469248
976.8919042749428
793.1919440318666
825.2834763457954
717.9204624595673
692.6687548754062
902.071860345475
561.0398291893703
808.7568109365559
689.8761479354644
740.102394670458
651.9420351379762
646.8622077409361
945.0733204550603
932.4436497178169
541.1624137217551
774.9211033754721
989.3704778395822
819.8290021761336
974.9188209411175
862.0416264478691
995.2621970853552
989.817797439734
980.2861381960639
924.5586557165764
851.4883210683877
741.1701637682355
962.2442846507975
935.500224401633
627.2679636203662
774.4420890584588
680.3511478598015
524.4953360209023
600.7268533783327
799.228760872732
835.1186380873075
689.5202668327952
534.1537295708152
724.4781500230749
914.53096639522
551.8173455649509
618.685598092061
948.365159823299
685.0697900369314
620.326702682389
834.0912834683214
769.9444976499688
885.7899512018223
809.177952784177
828.5028735400888
947.2936868903755
984.6601227662497
623.2482085259961
953.5156356660063
996.8948598004747
855.0227006943801
900.2815924752551
601.222057428784
925.0918294083958
823.4806119593217
609.1138427343892
547.8785589389388
671.4621749506961
757.3162976504266
937.2927964416872
639.8063056946785
554.332777756297
659.9927662617126
562.8533971889863
616.8783859588978
579.8941092294999
876.521244419308
677.9225539452317
704.067660150342
565.1532814530152
887.3415400341103
865.4470908254452
826.5690350839525
670.4052129838919
667.0835749499067
539.8984377629745
611.4601757908162
557.6973275524902
889.3847646837779
829.364523267212
850.1825258138166
928.71279496836
800.0263942202471
542.5176916514667
553.01692821734
598.8900483227159
956.0195665859773
668.5569247462042
856.3514246213904
777.8572533535191
908.7719855455719
921.4613175675131
632.1396709798486
867.4068614459943
955.4889377255176
708.7719485483685
600.041661498461
706.3677619636737
783.1108012628969
830.0855280093311
898.592563833739
942.6850493333019
718.0856402936472
725.1332276413511
712.1384808201803
562.1871831541346
620.0760252447614
675.9853080882838
850.1820937205093
831.4528825662289
513.0692413319921
950.1567392156649
715.1447702535659
892.2275661229116
847.2305202978264
985.356792451051
711.3612695053013
683.9867874658316
805.7200998032329
539.0992815187374
