5067.91883034344
5897.422631367257
5880.032892197229
5961.978896288585
5714.539427316204
5985.925281782772
5467.684779687951
5643.108819676636
5574.972038690376
5387.180148754831
5042.285382022837
5230.386462333826
5588.483167054147
5470.938320587401
5691.282030251441
5110.512256087145
5594.870135161121
5666.880075414991
5890.1057019908985
5746.074620391701
5926.42841004661
5159.737304461564
5780.01686845923
5933.357853833139
5279.078078801364
5874.384641683767
5993.808174278784
5259.532698388494
5588.145051760321
5579.851898960653
5329.5943817426505
5724.959048362086
5900.03439568236
5152.433673682203
5620.782464862161
5698.178567469081
5843.442146456077
5097.7557622278855
5953.609237703856
5542.391329053375
5726.582987273527
5222.111242029269
5788.472803113919
5238.499599920443
5940.069511070005
5960.30844209279
5493.789255461739
5290.44213404909
5454.8225410203495
5423.326485447853
5989.705317100839
5195.775808661225
5730.304742688652
5141.413220947223
5141.814733163572
5240.969937612893
5118.081759371893
5038.814833020745
5295.7614756693765
5040.998643477933
5476.876355782228
5995.266431946393
5117.195055207999
5232.955200143229
5225.906859534733
5883.716491627141
5088.96455924345
5560.438591770798
5826.994110698183
5188.208965826597
5151.307375898389
5130.449844524601
5051.236463322565
5517.975512436914
5321.71367692829
5208.661201677866
5854.896244327136
5508.825514203729
5227.413205112531
5410.323837813357
5077.456053818149
5913.656433339769
5982.338511875085
5769.4748052288
5297.496916043793
5296.554840515913
5263.011450035729
5495.179577360955
5337.656123671611
5997.755360810727
5773.678035680887
5773.881423249185
5661.626887115963
5840.579168205286
5195.963286522213
5327.492976250993
5698.123181796118
5602.282116380229
5029.723372351262
5687.957219210004
5249.289869265128
5896.372123291253
5292.989638067085
5261.198070975211
5965.772274389332
5285.87099701055
5439.876359982963
5330.075512123765
5078.167036934227
5192.853450437644
5699.068934430141
5849.612827387631
5347.831789136903
5964.528486621376
5605.752548164242
5062.32827637827
5222.619477654132
5331.910807254071
5827.145117945588
5278.454515090493
5020.885130199577
5895.6454184591585
5432.269530955466
5052.592386991721
5769.8903646760755
5775.249289680797
5159.494933700579
5341.573606762616
5042.130606324975
5250.384640577762
5028.524347646753
5280.471447422301
5804.283821377823
5892.433794451469
5686.832218318436
5056.978380682367
5003.949747227287
5057.3156522305
5814.876934850705
5157.0842673061825
5039.294523874904
5568.717311208566
5773.532689979009
5639.715085729773
5594.754346238377
5238.744927760893
5853.158084712159
5006.884682615759
5872.417937784405
5502.770974977445
5742.592470249676
5182.582197534059
5406.31079741491
5475.630042108948
5754.652521713497
5301.553695664905
5578.889367773035
5594.85560296814
5657.897107811107
5106.209649280265
5031.0199740262315
5115.540312956574
5032.44149331996
5295.834877706702
5415.282967999256
5492.548834263288
5486.323692486458
5954.225604109903
5375.904121281563
5122.460072601584
5166.82826284797
5258.047529335075
5691.993192600997
5627.920617942007
5467.098945929947
5887.286909538759
5699.457148852339
5830.502069845377
5754.095563299768
5319.938800685588
5437.106875406751
5624.83614522737
5378.897711081629
5460.56233006774
5343.786039851925
5977.7120012360265
5026.327394017582
5589.9614737220745
5404.825222623363
5286.8868735758415
5503.143613390912
5854.322144966859
5609.231607361835
5520.301204796694
5793.3225238301475
5029.775545879063
5941.92915756184
5116.154006488764
5197.892111689636
5390.781110336647
5839.2124632008645
5477.065499754221
5059.050482890775
5969.057460106345
5641.020618441282
5165.541831410185
5895.448483911722
5879.224705000246
5981.517084349018
5485.910992264192
5083.974157955161
5090.098187486658
5882.811951036453
5867.0287530609385
5979.77886805159
5569.545697115731
5725.2482263200345
5070.032750575123
5184.193261146847
5339.898492133131
5843.563239119945
5596.946656079401
5724.740651273452
5248.359591705899
5369.511499112857
5440.358877166063
5677.1767409020185
5243.412408789117
5931.8897673405
5527.470576423783
5271.764939522408
5559.570985793178
5479.359588579209
5852.960277480825
5799.908635970321
5820.886909832141
5601.945299103505
5417.43315232919
5454.650268653406
5553.755749859465
5993.25549487655
5792.3017739855395
5480.733886058211
5945.02771463854
5032.577013507407
5041.415002227438
5764.267800094865
5728.666159624689
5005.099570277305
5163.707344008447
5174.340118604761
5694.878698700568
5988.340322943385
5148.271936300253
5112.888647937284
5727.675245109942
5598.56212663519
5002.359141102695
5237.790150941862
5396.301125551971
5211.766607480764
5878.729821688288
5838.172156633167
5246.832154793671
5551.542018364577
5984.953852377619
5710.979353680599
5542.948730548272
5970.167917043223
5259.050908012542
5723.568977067602
5872.25612146334
5922.607294460896
5978.357248409629
5279.8274245769635
5413.329535333331
5273.129462196582
5692.762391546129
5050.164591795544
5020.577194689649
5641.631236801119
5585.691546879656
5216.241313373675
5925.287927713355
5291.367834402774
5661.46840005908
5739.812571313452
5571.079649399919
5216.056730698993
5578.669667810312
5261.863212414431
5905.686155993278
5045.188715833252
5136.0178201700455
5736.983322939348
5659.078622424338
5651.144569094989
5854.31013476855
5767.921716002328
5679.0993287170595
5539.251151400291
5338.469567437604
5252.937855355073
5206.551079807845
5410.869860274488
5105.6406542418945
5357.251928647229
5835.598136696589
5917.159334346769
5024.268471764103
5251.72672836138
5853.969853968
5845.069165549987
5038.850168429664
5529.79256266422
5793.631907445402
5220.182766561209
5848.854567546524
5956.298818996413
5056.967705845672
5412.943850768168
5692.663926962354
5275.182972430122
5316.633639717821
5695.418355633887
5115.29646878748
5957.263082894994
5616.517722372668
5925.885460790752
5120.817915401875
5359.00522066541
5613.493945179919
5145.052821961726
5157.331572293473
5481.649127172901
5770.00991840013
5335.281436089948
5110.287148173083
5200.620366443809
5035.855350071229
5182.5872968028125
5771.700275829995
5036.367305515128
5778.516984012742
5546.025597303792
5060.222803188806
5784.388781271407
5087.328212789191
5451.056065716757
5571.942341756693
5605.318016229055
5959.324652549439
5293.024206298227
5629.979857350039
5102.870737863951
5857.376441033403
5364.313998438167
5372.877789815823
5995.302381068403
5031.397933324965
5820.673193095807
5135.367888488674
5461.8117771299785
5868.8724794621885
5798.106530188947
5269.706948271862
5110.216292342344
5550.7037941696735
5493.870643451183
5092.5915096558365
5757.622553398762
5077.787584456803
5552.965143186566
5981.578149015303
5819.806789483757
5473.201582650819
5333.552835578244
5359.697552576427
5072.213303224189
5643.839874828314
5512.032386197769
5584.86186845697
5637.596570790516
5954.603706496565
5853.573893166132
5998.067371983485
5006.438785981441
5615.728261410176
5728.850312947585
5908.341067419073
5539.9182037543815
5445.333858972765
5854.757377780417
5606.954292528887
5728.989779785354
5067.276835921274
5374.595664006467
5693.329409574336
5745.756023623826
5565.865339651421
5434.544530560342
5494.552332413442
5375.714031434123
5451.074141323958
5675.8808521554965
5996.5729606921
5816.159941103959
5689.782195307037
5360.269645288683
5491.290581851007
5215.591389823737
5585.723598640241
5623.817436618431
5818.045189614548
5875.276205966291
5780.479415956474
5627.22734264368
5032.272065563484
5043.28935751826
5707.480520433224
5988.618066306919
5237.314182707683
5320.879533434747
5375.155834318407
5373.312970969821
5360.6828764056445
5249.85067157574
5748.386310073441
5604.063310273501
5601.318024260565
5529.920078844466
5251.440912714446
5756.267102686579
5375.629370539089
5866.136345460291
5208.305342324726
5330.592567477615
5744.138567015532
5502.494922752145
5993.740989279346
5618.281138326378
5282.853541522569
5264.720158122413
5364.03496846696
5180.599385780535
5121.200227526488
5492.004819136242
5070.996885615331
5034.769630574636
5749.842084008272
5644.002995428137
5129.055900753644
5443.118259490258
5830.79504664128
5609.9679607067665
5572.590396859896
5670.838393222666
5910.348859510398
5803.83353784041
5611.421013517818
5560.115823165794
5087.133891965736
5554.037507856155
5194.947263665171
5006.248015892343
5315.863763290075
5251.371835295777
5200.474183793137
5707.127679539156
5529.659168972964
5799.8285639627475
5982.43094440225
5258.766507537965
5115.387946022921
5091.912487783338
5145.230438728523
5972.668930754751
5840.632645123805
5004.966971218734
5755.051169346734
5578.664862083142
5569.524155261176
5469.046686321788
5655.904390077117
5769.82463167891
5213.485458942312
5249.760254473589
5808.085600852419
5596.682135764932
5745.383808719116
5742.898308359973
5414.992436748956
5816.516738815566
5597.273666542014
5154.6773414270165
5736.1374845122255
5373.06749429218
5846.767176190162
5178.748475600074
5504.305258476719
5267.510559565433
5543.958398027603
5602.929838894956
5396.838746364617
5687.798209855223
5812.206744434161
5947.4914256240345
5874.794805387924
5253.282560394365
5556.136322312122
5833.383051758989
5526.186407542101
5625.916761207054
5259.19870036283
5688.926448461566
5709.053675918078
5370.198135705657
5448.720121983386
5594.822347828322
5828.733200365591
5516.002603142566
5464.679580874927
5937.166996679911
5368.081795012957
5920.010359498282
5855.636381552097
5038.229998783906
5299.060742359889
5020.354086306731
5057.408939750187
5826.050658209708
5671.712704709092
5320.093446283696
5254.265721029483
5886.471773399702
5135.144461168615
5239.140634725296
5403.885112887157
5029.068550399892
5483.777118571984
5239.173102136062
5466.04743676196
5577.435625185104
5773.303573768076
5327.701385849066
5053.510190114425
5339.333491396894
5322.008211404969
5897.302321159888
5258.135224537853
5467.551919013734
5542.602183197302
5596.634925196461
5438.731616501386
5666.45790759821
5231.901425099982
5942.038190798396
5336.754577421035
5780.674160288955
5094.238040057614
5438.721468267735
5534.966734516367
5499.880628841154
5646.155073274635
5024.9580285253605
5978.941665536602
5777.883329317832
5514.728526734091
5173.105540035332
5611.1084011918
5115.856090957213
5030.108987599658
5048.006549800516
5012.643881207695
5663.4551308862065
5174.467658772176
5903.811368245287
5362.909870207069
5518.0010921496805
5878.957897888502
5506.930624112026
5145.451161825289
5927.716981735029
5297.63824318621
5898.352844723324
5410.760989882602
5982.808388754678
5369.862970992056
5502.934568763862
5680.151031370253
5290.290359389045
5789.472120940978
5189.997624268123
5290.052280888251
5424.4318533819
5335.447621066372
5252.692711064473
5756.576443464666
5263.037000783722
5530.985211475967
5555.619534374343
5156.157568931739
5857.4092875227425
5439.277156363857
5552.0552343551935
5383.933318959399
5060.002629954756
5907.738038123109
5275.7789346880445
5898.037258429962
5743.893762233869
5764.320070348919
5256.921307005585
5025.120985292699
5367.637219490872
5208.430402381593
5209.06835906411
5600.755633179862
5738.197536215638
5518.480726127215
5108.426186584187
5493.951217345942
5851.110357271864
5011.353251712329
5209.940946625835
5683.603153738448
5325.152981416957
5693.804731001844
5677.337395194456
5580.769339458196
5207.483572401775
5406.365943621848
5787.438364706548
5768.2413408088405
5648.214807654274
5375.717233793988
5180.164463516888
5619.749084418291
5913.732630954806
5081.369055153963
5240.2221301519085
5441.350395373839
5041.4585208949065
5736.161555901829
5242.761653776577
5215.3849780256705
5092.110007425727
5268.340454512884
5911.67607348222
5362.842760323894
5492.171065054471
5560.927970526073
5805.221526880697
5451.150762440065
5460.406746604731
5739.819209618709
5213.563047253058
5657.970498371525
5678.497011846859
5853.3308240918195
5444.0559251130335
5143.068149981424
5245.784391724291
5493.881054060943
5163.63489948432
5192.732932435792
5672.599308384989
5931.054806065108
5479.480282129076
5786.6454602877575
5614.4975665825095
5305.588576031708
5653.9646542717455
5987.54558238792
5393.0343877090845
5220.34358951619
5159.792406269635
5901.049651408291
5621.800949477458
5532.084548527818
5436.469840724148
5911.551813616462
5545.925264067705
5255.570874626523
5204.9906772745235
5328.691947884786
5357.343774500526
5072.256028336229
5196.311864415326
5455.502460131646
5119.622388000579
5713.295609852272
5776.3948138384
5841.190048187081
5475.130135087637
5627.568779886757
5375.715388414822
5766.831722802592
5677.893618971226
5355.9306839275505
5697.256820873668
5614.570787870866
5083.704774840012
5620.807964083237
5704.466387146045
5973.622298614443
5569.472509499334
5972.138993125013
5333.930156777379
5100.1078587613565
5731.298447723806
5174.471712042134
5234.963569710859
5189.513006241694
5468.480458193327
5191.140175371229
5557.201944972523
5198.470473472162
5609.968920972697
5215.679063057565
5866.188676672213
5087.253330983939
5234.219991077578
5965.285734338426
5722.365919248505
5308.466337401452
5791.415655474191
5738.724689285046
5238.128344756964
5885.818691495009
5314.166917920263
5883.2005719850695
5359.92023750971
5571.102534829195
5693.484583276694
5140.681564711051
5190.834861232552
5310.4597801646705
5955.6436034617345
5233.184455691484
5584.523105703193
5286.130713592087
5601.141223730117
5085.339341190926
5242.584734240832
5955.326791506579
5122.311004160585
5096.525023091345
5722.319110982919
5820.099996363339
5191.041368201582
5740.880749524543
5157.211380290024
5209.08295704677
5326.276289659125
5763.542179838902
5099.979410479584
5386.632471549499
5382.336594558786
5591.978713279743
5495.607166196218
5540.961378596236
5431.8291988559195
5937.478830563021
5509.334669710116
5863.008333442054
5181.048170745596
5439.575328229919
5824.6641021350215
5988.883672104974
5979.122445604768
5676.177857316045
5595.275403185778
5607.459057213665
5614.726369397431
5745.803914504801
5070.595090121485
5677.134621537966
5162.778555492948
5470.993114605796
5415.155078377421
5660.469344748866
5001.120987491046
5729.145748370402
5036.977375309911
5504.0578616598905
5166.133764472412
5698.010275033236
5121.3161477424765
5239.024778922536
5967.804739786079
5398.1010719795095
5269.723076706311
5439.510543794065
5487.434057236654
5373.707134366662
5752.514430561335
5004.424013033065
5060.916835686398
5718.726204356058
5372.596111025921
5305.381445335362
5350.8047063404765
5497.705416194901
5949.929785587534
5570.271814721065
5065.974001690206
5093.715815212824
5369.307106486932
5083.612292140387
5083.423541999954
5935.14064838763
5351.3193255271135
5374.0776534053075
5916.485628041331
5157.968439068052
5577.677983284468
5926.027801870375
5353.509942677889
5486.140319784269
5976.745242948843
5411.057707741707
5985.919590916292
5550.723318294172
5293.78793152543
5072.998267372277
5403.005957728921
5036.089745237829
5013.891923023875
5095.900981675222
5992.848410843319
5720.957734618746
5110.162744308092
5480.2040984208925
5017.326065193163
5737.074563169773
5073.942714931788
5179.650368197911
5523.7400785203145
5192.228061789832
5146.780455104064
5870.756663122532
5715.544246786181
5151.778222607262
5878.157712175314
5962.1393250801475
5155.826594635423
5058.79539099349
5696.540042037346
5364.255981071073
5322.605082439681
5985.13018962727
5949.425806789551
5210.042504707317
5290.458693284575
5861.955285154607
5893.457017477588
5384.508244413781
5248.9813088850615
5541.288138640469
5965.429777827045
5399.587768076018
5666.490305524924
5430.99942122096
5127.043838927704
5692.790492753338
5981.771426244164
5999.71192727147
5463.092153486968
5846.4869413963515
5765.138513039291
5698.366569536994
5762.861479243322
5835.9573783412725
5256.97324394436
5351.7906029398255
5229.508136941701
5989.172463425759
5190.419411432381
5258.490180023404
5284.250163189967
5317.838785198256
5446.740225181041
5883.337695505096
5288.478684390262
5584.965937057506
5155.700611647285
5224.865879066096
5290.047351279778
5518.556831770578
5804.851569512639
5617.922703789134
5660.342449260989
5268.0157533741085
5972.447846730059
5139.2406328008865
5292.741063749717
5023.381629674259
5376.399587465655
5842.560960066333
5228.50553129798
5599.129005936622
5162.320312976677
5090.336786330973
5045.605614448433
5044.874043073275
5921.868423644261
5995.503346253904
5836.105708485993
5952.473910992109
5122.491053251129
5642.261715950373
5534.587292793628
5685.371331332294
5700.225126356259
5716.209747675034
5779.7329525666055
5769.027948907396
5410.989253266074
5726.169406219816
5215.262163289855
5926.207145210205
5833.177949804181
5514.644477411132
5349.846231174345
5235.82818031899
5963.462646202411
5713.208175023406
5751.916336258781
5278.369211337606
5864.316681527323
5368.4390851204325
5024.576407352973
5179.032714464093
5678.53624415663
5592.66455164388
5594.601589221195
5451.424693382543
5920.822405495477
5138.3389157589045
5020.933206270896
5231.985945303504
5513.369739018539
5550.224609032261
5796.798352622591
5912.78439250096
5997.81948615861
5492.805225836174
5751.956317294834
5362.292046990588
5617.740497752342
5229.392296503012
5209.608035394216
5791.9257607882255
5165.464629840197
5842.242731302748
5710.420392094647
5750.705896838642
5295.086645691079
5479.362275467913
5889.260208532235
5645.80301596062
5345.682860679664
5295.549280598148
5545.870107602933
5763.724051328978
5169.076653250341
5541.061140760245
5196.2909322953665
5639.473591915819
5141.3006529557615
5111.41462806659
5983.956446607361
5342.055368316109
5628.392775346287
5107.812865817061
5527.322687293479
5153.558548807872
5929.909473195226
5243.092390794974
5774.402608321014
5969.603889355335
5994.64770897623
5809.740894125323
5691.837759171911
5728.372427087537
5068.815316839018
5046.207711112099
5860.227691596241
5279.29302194654
5045.378567591803
5523.351162819508
5163.586159222577
5353.026168879268
5733.538458257208
5490.573597035191
5146.144285507695
5265.781933772873
5431.702063386678
5913.91385852653
5290.561447514128
5595.952259777502
5962.799379113745
5256.053303606875
5708.865846591085
5912.310339762359
5471.843663637862
5921.625084179828
5041.411828665354
5981.444975040451
5264.82446625831
5577.432982664568
5567.316454293135
5948.546561476901
5509.591426012586
5336.78400998194
5330.909188759205
5643.854973477429
5205.5919498997955
5559.454879250496
5256.670338420547
5457.426109617672
5756.4794911160625
5789.3025540472845
5973.2632117293215
5917.6531347318305
5154.639480820481
5652.214309978378
5118.511360317672
5805.5390306820955
5044.259274233885
5632.591016900804
5879.35030584279
5944.884466249398
5792.694731714223
5556.873693923969
5628.973371748485
5224.73812802189
5164.400667087845
5814.037245199203
5436.107258549486
5743.482418472985
5545.823056620654
5427.446777096237
5365.339454563367
5665.877281073884
5256.211506458188
5914.067594964243
5987.05254869563
5486.744625039862
5636.9638810617835
5371.837569956321
5788.412916848948
5145.951542896802
5849.582474904933
5098.045981067398
5719.064433926522
5944.110845456734
5354.6580577309105
5455.152310191355
5014.13441179081
5617.71890826529
5623.1517744734465
5933.139091012382
5998.898718845769
5088.100446846798
5416.850336700245
5207.264013686977
5500.153253837692
5971.9049543062865
5736.563150019561
5310.488526675759
5872.600774204666
5319.998805289783
5022.591980422664
5050.593509242333
5539.103778154008
5611.424672288216
5289.893466742275
5275.049383676515
5300.293223105623
5124.074446634371
5196.259476642116
5579.458618260924
5945.438292952071
5191.9932145441535
5334.503816744189
5975.686857557287
5056.025152155626
5235.537669518987
5436.719640853222
5963.147705823841
5566.915613075718
5427.879237453666
5795.1460275543
5505.4789269578405
5552.662906112899
5527.550638582376
5969.751962645128
5013.3895218743955
5763.685883462356
5407.335319482833
5695.677234933873
5148.4015483538715
5908.18254213878
5862.332197101563
5303.277731934689
5992.904269900799
5529.7237740691435
5294.232128854876
5255.2859097161345
5852.743077843197
5845.938212162539
5806.583722234971
5185.592395514694
5893.225299748723
5890.523951234022
5733.093728045138
5268.204635028889
5397.4337189049065
5265.652827693073
5538.280000629967
5992.669585586577
5104.264269115387
5120.258550988252
5916.572425994636
5172.196155261026
5373.080597578018
5221.880503686718
5958.8900876874995
5339.979933857229
5995.300967137663
5643.443129366133
5116.696882856733
5922.19809787575
5229.867292811155
5101.217686966233
5052.5265962364865
5706.206993224284
5095.956142189826
5646.352111151651
5340.338055960872
5359.158043588523
5022.018938196011
5159.54862812657
5016.861315258628
5567.608643057127
5333.538944155196
5426.184007572434
5742.913406374202
5240.0225424736
5760.564357253468
5688.479834848057
5707.078630917065
5597.325937530174
5629.873966033223
5540.540731907178
5906.6759289651345
5473.403079056167
5899.3844781916005
5391.731759675477
5735.6652790087
5658.834758606105
5402.993468767736
5315.926880942763
5413.789762207286
5717.034136171986
5674.520932604636
5185.450272710182
5256.754180750356
5470.816500504868
5748.63804441731
5663.807026534903
5631.618110470566
5730.344915749477
5446.887916106958
5603.403977577895
5307.266916209319
5618.36217304559
5758.787575998947
5065.326632626497
5433.128010091141
5576.14219719888
5680.59929538945
5431.192974689065
5677.399682406931
5575.828177936994
5228.147030285682
5336.233949028942
5460.857407330544
5875.904602377354
5964.503003467056
5329.199652577388
5024.42278914876
5248.197002947438
5858.258229686297
5286.643749522532
5899.34322115665
5629.364928361945
5516.565032579661
5986.42159124139
5411.410402976838
5880.434425158695
5889.113814475698
5162.065315037656
5686.081956159906
5406.818756589694
5074.652075710292
5759.876008907276
5327.603593550765
5839.890584897097
5932.627085100481
5452.643571829452
5303.891057992431
5789.007373279937
5755.650407073486
