0.34865087488529944
0.28269956646851513
0.1507135130042964
0.16744719490081308
0.4401515647239015
0.49099899862605245
0.4028844546861481
0.20002181163492044
0.3255152839640897
0.324924200524496
0.3065121054923935
0.419522426011132
0.20476736647152807
0.16383146118533615
0.47504961096724585
0.4174858652286384
0.23955211481091473
0.10813926307488005
0.31725263552782834
0.13821184970987377
0.13107490467534283
0.3422350322169132
0.3289105620252393
0.2972786569906154
0.4576460146926077
0.3227662729403187
0.11175946929330793
0.1551386079763969
0.24503723687784573
0.262484767965938
0.34991820277675767
0.15151421185213787
0.3119590409966697
0.37864097523580875
0.17864038398334847
0.22529471801956982
0.4998501896274662
0.129182521944196
0.3578758407307199
0.14627447208915445
0.143897004690564
0.16005778494476988
0.23348118043854338
0.4547820315473974
0.1404064304326302
0.21136000331916677
0.14673116598881092
0.23746089758657254
0.3181465612921404
0.2140875695458967
0.1455863153040197
0.25241581939349855
0.10369523867155905
0.3571949243592948
0.11379132566480199
0.3465264832005249
0.295387521145575
0.21605160919617186
0.36275376824171646
0.10638183030690924
0.15452692140618673
0.42430329195274374
0.4553435522502248
0.1836203409493755
0.49347661578373747
0.16749459301320474
0.1592641064643007
0.472751535718942
0.46066374236800123
0.3882236295280881
0.19039146247348362
0.2306775287953754
0.11599885893920976
0.10774015689401956
0.14456601406814157
0.1806418529271967
0.48025887867881667
0.2556560809468802
0.12875686258613453
0.2926019216004868
0.31828104788266476
0.11919652220516755
0.10059643061041933
0.21212598161922547
0.25648681931103123
0.3363814887601395
0.1123232263804749
0.2142685374428365
0.49423978425757287
0.38751051168899997
0.4157410036673249
0.2630600537825803
0.35204889442142384
0.2889366889065688
0.19634827923945417
0.49827911955969617
0.4578058737301083
0.16575733571320783
0.4438810107044735
0.1581854758556605
0.3291950284466466
0.39776909831389673
0.42104912492875946
0.39252424122801743
0.3265161863484287
0.4852799689296444
0.17176161954491104
0.2829755413011992
0.2902020078191115
0.12974821903859063
0.4790937641034708
0.23256672504292364
0.46926465943270734
0.24234384317474086
0.49773643372889087
0.13948333943288327
0.17542382438950105
0.32852452495427475
0.4629245619291832
0.446909628025706
0.487496829233111
0.15670922997574796
0.28564150837986624
0.1984316143078568
0.3924772704837466
0.3152163270640713
0.26942987319989775
0.2776697793383087
0.44973612885941794
0.39807418714605947
0.16528849273342938
0.1071659417253072
0.3973285822609173
0.11038735195464172
0.25404112943669266
0.46012125965765427
0.35590286618269795
0.31238685009362716
0.13470617897179804
0.2497797924236861
0.4271988348011816
0.39715169568227104
0.17162421377407933
0.40187499703885443
0.18363662106805703
0.24128199091103855
0.22071852104767348
0.21001770670718517
0.21917914356357576
0.2622489774634681
0.10362195021477852
0.3329408553606765
0.1667962388508868
0.3907864558262819
0.11302036588583442
0.12245945308856619
0.37605473123423183
0.35081406403269255
0.2611443290687452
0.23811833719193276
0.40421926358390825
0.23700997322431916
0.4090565380087866
0.22276675603540133
0.4976283598616923
0.20867647470596717
0.21815848271363417
0.3017411124225103
0.2855940725408681
0.17257985979816276
0.10599873806512461
0.38183469687531324
0.3064779790536928
0.2801684450949429
0.4267271744691733
0.1427061410454889
0.1912798799331623
0.45043418554542625
0.3881748222596164
0.29947156274211983
0.3437289474419608
0.33519190323735026
0.2570205951752875
0.33725176208639407
0.36272657606924674
0.33064944919371053
0.16698318727111766
0.14233462256234178
0.42886843431453847
0.4767323455775142
0.4654706112585537
0.21536880576852374
0.36388222787682367
0.3904006708303762
0.43719269423606255
0.4807575772071203
0.1925801123309465
0.42812345123840834
0.10822096151544974
0.1302764610266079
0.11730404641614096
0.16225536912483932
0.313383242926934
0.21563488438955544
0.2917784951689747
0.3831122016464261
0.49992935624694124
0.14266507472407797
0.3304136011894812
0.18330680787161113
0.22688679375996368
0.32279336740466247
0.42983646355740657
0.280536491542996
0.46728245442272487
0.35586180996721184
0.4865109555305991
0.2256231621131941
0.4904541288042842
0.33192746859140065
0.3544432037653915
0.21521325413129477
0.33114799997403854
0.30538254148683697
0.30750077710361123
0.2864561444536687
0.30354407169964276
0.1947457129841185
0.39200634007735335
0.10328302009369916
0.1823440725947054
0.2446713810037732
0.16274196413918396
0.4089151111297571
0.23948180296942498
0.36503034232958453
0.19277017328215781
0.19875758421560083
0.4006084538468003
0.2226349200370947
0.37049845285866156
0.17745450728361756
0.4248544293502844
0.24187055468996818
0.1428437917417718
0.2960372328108925
0.10011764813847082
0.18806036287436392
0.4776325087593206
0.40374301230547416
0.3301120839261676
0.4651234619579754
0.3229968101441612
0.10069657935831505
0.18337498468042837
0.46805552329078093
0.48038728656424556
0.27340619798139343
0.1969836152301921
0.31524940468596807
0.40790634689309235
0.44820899515317747
0.44442726430040436
0.298732739488094
0.2757135400517078
0.3387041210134843
0.11185909731435509
0.4072857251936809
0.28024401295277857
0.1626611044918969
0.4784317550924172
0.1903314034323682
0.3581791084108129
0.4024338185292621
0.2437997604524758
0.1014752713749175
0.3623160121540636
0.31613646441137605
0.4797574630641265
0.17580423591642527
0.4101617310459965
0.32608413803002445
0.4241489995125005
0.33507395638618354
0.2165027970752934
0.48360577708485164
0.28842905956295645
0.20410289199332363
0.42911126288715695
0.31171805903041827
0.42129042930952987
0.4406965064738021
0.36584051044090327
0.493312897066176
0.4565171804984284
0.4134561001566368
0.43457729053596805
0.3206905847132766
0.21162872906773803
0.47709636404455813
0.2946893878361259
0.43509899374173666
0.4016682328275859
0.31011802015867584
0.15739896761764754
0.18871671258486233
0.2212990664067049
0.1803392298145282
0.45828387146158855
0.43251266578981384
0.3988261724804768
0.48953152034110503
0.22209573283799774
0.1567486726930799
0.46624803587464425
0.1479948924597515
0.44292616510962624
0.12188221462063727
0.15571485719006029
0.4994293529346854
0.21172188813696993
0.49402199535983127
0.14204370327872834
0.16002577365978646
0.4592964018691923
0.30830872959368305
0.2706168750738352
0.21928923169804673
0.336167624598166
0.365721359211044
0.2535964437621824
0.4009671000136782
0.3191296899525554
0.16600630210803696
0.1364014952312927
0.3987262428278625
0.17968667305382113
0.1052366324046084
0.2303664304812741
0.37027367611646533
0.44311255546798467
0.15506023431110322
0.3714333864155529
0.4806661384931141
0.2168845575962212
0.49659833440987644
0.10497660132647568
0.3752074067373685
0.14181832172606357
0.4986397069127455
0.16510420939122866
0.37173976893140215
0.11238652450859879
0.2956001519410387
0.39953233017672496
0.14238824893036478
0.4547527648600146
0.4648981241216755
0.4128617068997642
0.14605177307303144
0.4723207139132297
0.11434425353241227
0.2938821889874926
0.39742364629910265
0.47773899689864396
0.31508753209354673
0.37020339639571465
0.38129574285041035
0.1348451484255042
0.25124068137378763
0.19293947479999796
0.48369787921932017
0.4069660244690856
0.3559661091561913
0.3147876626330832
0.3104098824476805
0.40899921180450605
0.11162769372440816
0.3687858336855594
0.459607361117943
0.25473341567926133
0.3593103948155941
0.1565562802882337
0.10741128449874525
0.4335735157200684
0.24263307031253262
0.2588045261166795
0.3860768751181005
0.24089608538927873
0.1479943691527629
0.17356432927707577
0.24582189457498949
0.18576361755130677
0.28360371295242826
0.2512415453598887
0.2998956368746089
0.16613951099188254
0.48037328053779416
0.4677993637395229
0.29684820505882015
0.48893093032466495
0.4915621088331038
0.23538943209961585
0.37677531730954483
0.4122844045447943
0.3962199371644993
0.168690690342851
0.4117969464116348
0.10642041257535757
0.322902891877877
0.4365328740353085
0.370514186137767
0.21592337324280175
0.21993304697992394
0.10196749646872716
0.37936077425166925
0.46555675694436394
0.34646518891521577
0.11253895484499804
0.1538449385014524
0.39542471956319714
0.23800036413953649
0.4502315371943184
0.20977742625150483
0.20504105105722648
0.3393733649562941
0.13348699585506485
0.4151390009722985
0.26432175312657347
0.1451797404494149
0.17005404588789086
0.17528459055083975
0.185544811991168
0.38677594441762186
0.47661224035943117
0.4806417341231257
0.48973183595176395
0.1377260535922667
0.31284444390009847
0.17938273607092464
0.4022522217860106
0.28573233904596057
0.43019070569734674
0.3582250337014563
0.2817958214678953
0.3800597071094045
0.1603990944850208
0.38032471601242523
0.3063575819171227
0.2540215178629182
0.14468617991601995
0.18936914324061319
0.3087236404211713
0.36773912119952046
0.10276070855847204
0.199159192828262
0.14213117211771908
0.32674725195907117
0.19221312552526737
0.32673165444133856
0.18406059225244442
0.18973796669325305
0.10609985420244544
0.1857500321103297
0.48769066848078824
0.4278084181271581
0.47455939406342396
0.10165987080882043
0.3452287630704757
0.41616176460293464
0.399644150716121
0.4139922599600009
0.324670597145992
0.1985013128789809
0.36634883919265115
0.33759249297542304
0.2834612409682786
0.2199465981192042
0.2453737289353439
0.37743758596121924
0.48737037198707767
0.12476534755886536
0.24159210256518945
0.4419699674687124
0.1753948248864059
0.43956698546714223
0.4482211353299491
0.1756693690485626
0.3509650055081228
0.4221860673744263
0.2993591650737289
0.10471525171061034
0.35088558916389867
0.18341552947208203
0.2546047352207518
0.33057186468852606
0.12389540473690985
0.39024614786625833
0.4085918815425772
0.2874897730484084
0.48441094105976745
0.11196039241129685
0.1649905376333426
0.17284748563235436
0.2280646747522529
0.15224530157566663
0.4230700148254304
0.34436484715003735
0.48947356500871064
0.40753682410782
0.4925023135068519
0.21565659941740864
0.3559704099093265
0.14303846369806006
0.40774701469154173
0.20654866145788994
0.14850469573632807
0.41622383910089056
0.16904144398375492
0.3392253850225423
0.32723068978940595
0.4013784015263343
0.4002296960311781
0.14067691805473526
0.39583726796341223
0.35101893587352806
0.4346801396022435
0.36607593215409584
0.18432237982829425
0.46268463231877577
0.3099736653814061
0.10358030837736779
0.21965234432842484
0.35311358260156445
0.3201130758514533
0.34333796347527423
0.3353851202291668
0.20659031902976374
0.47398388059566066
0.2556633025494498
0.4199719187253519
0.24305687702985235
0.47145045748727243
0.32484467803804395
0.37116670882218783
0.3861261543876736
0.10392171170049198
0.2622733431829119
0.3941067667436132
0.26804741588024794
0.17498474086705673
0.1712027502766098
0.30911832696253194
0.40404185225830713
0.13280871544526815
0.4203022023275871
0.4652998455613614
0.44991281029066643
0.2116429849935412
0.16809613028607712
0.26650226847145997
0.24665246913323324
0.3010191709789327
0.11818241042113337
0.4186747137285711
0.4102078959116833
0.3038657517794079
0.33086066309097695
0.39619376543424234
0.2989820506939945
0.3006170934279955
0.11235032626388364
0.17065416057577001
0.32387603016816074
0.17477761934499175
0.21058692470832607
0.4838825412715416
0.18307027556250752
0.4974012960829397
0.26458315052345194
0.4029425129537477
0.39385802962839944
0.37715770261542125
0.21617006880692988
0.4216168220132568
0.28178995184970546
0.3963021476979477
0.4905933885409426
0.2091831304228618
0.33721839619204463
0.11305951441546967
0.41903614095385633
0.24504270201730655
0.4749934404596491
0.22301360380417845
0.18630554824615617
0.17260492947137265
0.4946974233635443
0.1939384962233154
0.46817311865707933
0.3188983001316473
0.3861866418135106
0.20584685178813178
0.2170507409666086
0.48095992133810817
0.21154892868622724
0.45681306384996456
0.37499879526656443
0.4817963863388246
0.22961844397640585
0.3033016364508523
0.3866505704266253
0.45639706270085656
0.4953310918976276
0.20101339668912394
0.22537749675410212
0.11948677362927072
0.12449261078291754
0.3891194616241338
0.333824231705383
0.12019868320763086
0.153016429045619
0.32654500740095815
0.14575611913203207
0.4284532106969515
0.23815559400851247
0.4011093424619405
0.3321160677455772
0.4041726762882937
0.30582377993424636
0.21299599030633487
0.16378425629831886
0.36979739763643393
0.34551863055888143
0.2584011058933776
0.24283101915543504
0.4753337741864766
0.29321644521953005
0.176873542068051
0.487252721297475
0.483480502979462
0.20810397539491066
0.31027294567041996
0.1408540136726858
0.1321588387402801
0.11851896468097385
0.2589790386250286
0.33162863524200337
0.24132640932600227
0.1373810927191319
0.24864722919668056
0.37025136713348605
0.34999486879094205
0.4035263013685709
0.10481789159762332
0.3989552743907807
0.26350108888570056
0.487893011314529
0.3430013217310085
0.3649272381934886
0.4187615809182069
0.18918692765256742
0.2044128005916393
0.4356386403138931
0.34094987621679473
0.11324460021690408
0.28423520870057734
0.4818409965941449
0.1025744579972257
0.48362695005536904
0.30474606182159225
0.2805201110091098
0.326575772827006
0.2511959720623419
0.349217196920508
0.3166448356063448
0.30160280249072735
0.10809601688861821
0.28284470222816926
0.3957692928828087
0.2884471985296292
0.27494138164984167
0.39108147986221964
0.29275558400862894
0.20651979300209905
0.3006600296926388
0.40691799906602344
0.43461778690665565
0.4952671776524987
0.380774771033506
0.3227481853363581
0.330248198288272
0.18833135211728647
0.4760044763933836
0.42139267904021227
0.3740088498560068
0.14344951534115982
0.2398497630043123
0.49922911244305423
0.4174342743426792
0.28230081804234014
0.3885847350468
0.3260065759866092
0.10080568556357315
0.4173420519790576
0.2892782968192605
0.44235945202262983
0.23059624146977398
0.3277692872044685
0.34739831497222695
0.479096975484936
0.3703023337155532
0.34610170079176017
0.26841510959251186
0.4696361640581319
0.11856890928120395
0.43293526662817683
0.2202736673955763
0.14888160939763903
0.3212512129869024
0.17593301987225274
0.32342204429361265
0.25893259036536165
0.33475923416127473
0.20634311024981977
0.21812567431314314
0.3286841627224326
0.17910751779889156
0.13602478403785856
0.361824922513858
0.1879255751219113
0.40389621715267443
0.48316009972308593
0.3867747334378653
0.3820553344647454
0.4241761193657543
0.2048962515099465
0.23220608343089003
0.2910010685546751
0.4341991499542489
0.46814813992434823
0.1482506565232388
0.38762533422017953
0.15262949905211914
0.21423663557891454
0.34261488917678046
0.3913898048072676
0.47867458341184965
0.4641560653879836
0.411316051560905
0.4836510979728069
0.4894717437941979
0.1485646649458231
0.44834957683205356
0.3570447679751687
0.48282958239010176
0.4597176303728999
0.26148572533433756
0.2017978235314556
0.44033361173790897
0.2772616232366828
0.10417081184228714
0.19208813287767776
0.2888972730545974
0.4402395487501136
0.347338320629448
0.4036575808453803
0.44977419049488176
0.23798604501137635
0.26609902859421275
0.2165916389622177
0.37023549860702387
0.32119375464093736
0.13275488952821896
0.35224345728227735
0.45395809217661665
0.27296797349787705
0.3627644107227487
0.4793706027514625
0.14169091377643417
0.2946293323672412
0.1996785662196203
0.28735903267871277
0.14811276348031177
0.17194672321821375
0.29620872696444
0.3297651365214861
0.21932121031181906
0.23591350854250234
0.3319081564179956
0.394493651085166
0.42316770104062607
0.25252663738665043
0.4815203681563677
0.3482606365087314
0.22530558230732456
0.3309629218157927
0.3394732995620183
0.4687317647672248
0.41930459679223464
0.3292815978865634
0.12585228510138144
0.2282278882186236
0.1189163901164493
0.293332757966807
0.11408397429912238
0.2790320354500553
0.2259823486240897
0.45891787031998543
0.32371847237152235
0.3902812548378747
0.4535197602870855
0.4067177304096603
0.4141727170208471
0.4158553711070868
0.18628210553413155
0.29414879012833106
0.35329184722159157
0.1207122656852162
0.45927579745627856
0.38474130925722305
0.12357161212789292
0.25374473296591527
0.4551287766228489
0.23876482721308445
0.2713813965676716
0.2612974402929642
0.3668658187403959
0.17352135304856434
0.3733772474769912
0.3055057970593663
0.20741994840762354
0.10234537633689622
0.3845824220976424
0.13015085251845157
0.18672291774346378
0.37799224460447567
0.3946474520329548
0.2492797614267661
0.36117190509184627
0.34183860707074587
0.4019052518174855
0.4803360412654577
0.3162246610887305
0.21475215482024532
0.29369347343576024
0.207111627785226
0.252318780488079
0.45496721957976194
0.3450299231999876
0.33571109552023937
0.3963161949462962
0.3145959812267336
0.332799185017323
0.13272166611664502
0.33600152474723655
0.3063472461822372
0.1652099836313773
0.3948490054348378
0.32805753415680006
0.41759788130516384
0.43983290961469157
0.4912335479646094
0.1680928601203478
0.16854077954476634
0.36651452734146106
0.13116876472009592
0.1753920667233919
0.13728222919245844
0.2257839023249081
0.3973190338831847
0.24236191531056606
0.3779921993857157
0.20338052720433503
0.4007096933913208
0.2691909318606873
0.47145256125254853
0.40631183622933353
0.1411459957682166
0.22793313373440102
0.34232295708990157
0.32047697249782786
0.30897682618388933
0.31601463007057246
0.45015364660250123
0.25257811948118364
0.33399923977228535
0.2308525220884465
0.10349595834217551
0.3962637099772568
0.4349313297824937
0.24174690652902964
0.2077464389580849
0.1440763631076458
0.1482891676381657
0.3415484563616852
0.4946195371613402
0.19419366869627136
0.2722033016079024
0.1954099192974484
0.12149995980403512
0.3820062894418198
0.26165123263886647
0.10715672639267933
0.37164926027072465
0.3634927032952663
0.30460556676455297
0.26570956324137585
0.2691808433562549
0.4987477649438766
0.4906994651678983
0.12122807070332559
0.1901866175941645
0.22674427461341914
0.29811113263789385
0.12417978902133636
0.20173488184641453
0.20090486186571666
0.4957128447884255
0.3590800662745576
0.21885253869880283
0.21347119369537546
0.274781111633833
0.41645458983658534
0.22034664579335803
0.3580375337931623
0.3213618896380306
0.1696211792463485
0.34313274428536433
0.10084751255580891
0.2134683819285253
0.4094001853303393
0.324383731762042
0.3067084017280899
0.14640763919330319
0.2883243933849813
0.44704602303590224
0.42582892609948264
0.20612251460399666
0.23311193893546944
0.35555602473331016
0.19095747114309553
0.1107815220942642
0.24099680014601896
0.2991563935582384
0.2427677376197171
0.11135659477290588
0.10972621554498213
0.31510954299465693
0.28784951043353707
0.11161026907416766
0.2310028829472303
0.3515243572245388
0.49393071456444015
0.269835118944021
0.2799974705221209
0.23435368249181293
0.37448159569319717
0.3971381027012766
0.18851569424086084
0.3754776583743743
0.2481477494106737
0.25058263009248705
0.1388620302635292
0.4305823756911711
0.40779595765872867
0.45646622953442406
0.29246435514270075
0.4350190080735896
0.16494735221729756
0.12784473198475796
0.23663143108284942
0.23175612871664864
0.3516881174537244
0.2901538177832256
0.2016252691733473
0.17763119854256415
0.18021189393845566
0.2076550492683259
0.10469539779094515
0.11433944373401875
0.4741159779287859
0.4993547112656521
0.18399907462158943
0.3570229941492514
0.1456008182399745
0.31121551562494304
0.439977901666054
0.28556750081367765
0.2891615160606219
0.4320861876696863
0.22383686549458678
0.30558064136486507
0.2813439515689319
0.4285477820346607
0.25981243329213066
0.16565761420599812
0.2357884573022771
0.31420033825896
0.4766490490426193
0.44827054125523436
0.36580283892266774
0.21541170328245338
0.31887554895593884
0.46808304630311337
0.3200225552235684
0.45969648353547654
0.4026105876620989
0.22617951200262998
0.42834334118674333
0.33554320729987036
0.1211717498218004
0.23057293404820542
0.23809044139005744
0.42792933601288397
0.11353407622314862
0.3877682531727168
0.3369075653961905
0.30577451942476436
0.11999805523279794
0.3937248643037943
0.2800362355043873
0.4302676376958515
0.14577053788620617
0.41210266292003006
0.242726827518639
0.3950644927546584
0.2095907567010038
0.19224085130673987
0.23512214515826826
0.2323271056527017
0.21978211407646553
0.1897106464793911
0.4650550344353436
0.1121219173107126
0.3144737734855334
0.1882738355341659
0.336011606457995
0.32345820961692795
0.16584311669440172
0.17982428791123495
0.3973096623033743
0.23330954368489523
0.2735932858984593
0.4635629053749091
0.10335627581003455
0.49341016330688336
0.32785155045143677
0.20979998779820774
0.2241711299816037
0.31808200270922016
0.10691085702108422
0.44258242609800236
0.3235836084471895
0.16229480209526603
0.43813657549109886
0.10940857327151887
0.4963916385853059
0.48780478645077596
0.13605238668269745
0.18838493742432827
0.42915433511132595
0.18182457844797206
0.3137825307052716
0.32151162076936857
0.45780967852360144
0.28942262260033114
0.2417307937040973
0.16919771962156116
0.4182607591241537
0.22063494512134085
0.26137302987172584
0.4159153517095334
0.29300054078056703
0.49196799459328955
0.12821721337499015
0.4435382478372839
0.18483126928342994
0.1505931176407884
0.3680135918372749
0.22122415636387494
0.15162469080362279
0.16975739465241418
0.20210582393543422
0.3778111311039807
0.11294177911717528
0.19131221769886264
0.23749621904895718
0.1496685964679573
0.34506766659773136
0.37089823915746434
0.47427177531340003
0.4483915913861888
0.1484019756189482
0.25211099063944176
0.1539287109444401
0.3570211557120293
0.1308460375923958
0.20893966711252865
0.34015881873507725
0.49015396469656036
0.39861425802208716
0.1565647993855849
0.49920220313074837
0.4149336398661959
0.4514553621551335
0.22344850318436263
0.32591483859362236
0.344725182701935
0.28483390750469695
0.20471195711023854
0.2866968868564772
0.2077394654777477
0.4914158796561726
0.25947177384316056
0.47820329100092973
0.4284267691520697
0.44291334947619854
0.44744013586479325
0.2660020043244613
0.20784591057822085
0.35288179375486306
0.2835042510005994
0.26156758168370264
0.2998188609182682
0.34269553019426546
0.38850577482729687
0.2791550621017732
0.43024934488983746
0.3387868190169644
0.1944013699215661
0.2010825933170859
0.3491085930827037
0.13969177270830593
0.16411167120112896
0.3533316896158156
0.455492874214395
0.11724596313028397
0.10405761435207724
0.27167845733807006
0.24524159028027676
0.38942733358251835
0.3188984155718866
0.45017294440563405
0.41057461308338195
0.2526854779577695
0.27319385236903454
0.28202837459558094
0.28517438208058643
0.11031905996308536
0.11644839943860577
0.13763800548175917
0.4378417932608365
0.27260108064435135
0.48636750843139565
0.39499108260559834
0.2044743672408906
0.4852532357170546
0.22450136433076265
0.33576245477520705
0.4142126753368338
0.49231371673939084
0.4976785787493311
0.15598393180436565
0.3591260437789331
0.2936713666412747
0.17691564172857732
0.3582242960650527
0.27515319612014416
0.4789091938973261
0.36252388590518414
0.23255939942617487
0.4906380912576712
0.16087379670315644
0.10002347953449414
0.268165417742817
0.3696724852675005
0.41113693642826843
0.37234708230544755
0.1343283614012139
0.26349407626595595
0.49645847008237765
0.22042719291125074
0.3975722983530091
0.13894665398063621
0.34093129221796825
0.14333462693643173
0.16563129534826587
0.14035388943533939
0.23517098947013726
0.4573816235875735
0.3514996931998101
0.1649727634357217
0.10348511134862762
0.12849787631245746
0.3177011419328779
0.2309577331953467
0.2547420410535895
0.4805290746831784
0.1790861385540762
0.12525362324679584
0.3988537484845809
0.40398643118630684
0.14829307546830772
0.2425702453672882
0.49645708823191326
0.11091792803674738
0.46713067795282515
0.34066714108434026
0.304033149889843
0.26614133951346075
0.1887122054537448
0.2506555321448296
0.43518566519185653
0.46391711555830906
0.40695137959465266
