5520.390661342308
5575.01770001044
5140.240713210851
5286.026586764086
5707.924898104837
5546.945320885481
5597.165344446812
5640.786108217939
5852.794236735974
5302.179963641755
5782.277383517589
5250.5890650423125
5318.140193977011
5480.727156111872
5800.841563870596
5223.172209247284
5436.953154528614
5624.068530112574
5246.583170330275
5865.513715825039
5236.639431173529
5339.193649053227
5670.322737194749
5149.682507633733
5086.746955987605
5190.793573995441
5346.333606261748
5990.498444209487
5887.245587010913
5216.78755317939
5308.480484881995
5613.37507627449
5462.330755872536
5946.878722826587
5848.638905698644
5099.983841923304
5301.47822614232
5737.204351203415
5200.364191747759
5857.424984926852
5216.207164837035
5977.360288589747
5855.245462218778
5592.913289609727
5931.451292073537
5850.9501865928605
5299.1719364404535
5519.858663308352
5309.939402365759
5873.198275761019
5770.222478274866
5891.682788965562
5400.486322786424
5553.503258891238
5227.830213632784
5859.475182634752
5792.404336245265
5744.394997676591
5939.58240327413
5414.874164071179
5946.892565317923
5651.209301852887
5632.888152238262
5248.662231092691
5020.563534337264
5495.5831407266505
5762.47302377348
5355.651599164769
5279.407685326053
5365.653580818478
5396.910063028887
5652.711575218379
5242.8026667924705
5307.799116182056
5713.790799990179
5636.020624147898
5012.250412479606
5828.996989951431
5070.281879511524
5237.670187550569
5756.667500350121
5060.576005032512
5221.237643561661
5198.89289086128
5780.143836909914
5715.190955152151
5928.915550458807
5822.630415489681
5816.190529910664
5072.698488847172
5516.771894023328
5764.184794006188
5985.481178207735
5768.789303246557
5518.725568006269
5982.72020425422
5739.580207790626
5450.0454620840865
5383.453108211172
5346.87766314746
5530.563606989603
5930.45312282847
5339.267587409935
5511.187065212068
5691.5712215133335
5459.581576282856
5074.22194154234
5457.288525523166
5864.933266272687
5136.145034835077
5675.133377501019
5896.970810031968
5827.830535833425
5316.458988679834
5968.504475351309
5854.27802068496
5603.768471554379
5474.926841924742
5745.742127823252
5539.448993967829
5891.494238206216
5730.485922861375
5620.58063256624
5899.282440458844
5891.891811219166
5283.938706259691
5229.341231863267
5192.634500820492
5723.056194395503
5919.476865103481
5245.832618043523
5882.944644379198
5990.791271595474
5773.592500383346
5489.025586861391
5017.993257836737
5573.7881771004895
5664.949153830585
5175.2447638414105
5945.41502659405
5558.577580081217
5098.24729674154
5109.800921023635
5323.860454307877
5048.564918049656
5906.109437246116
5600.613296538874
5842.283025082536
5965.992338808267
5514.886435735471
5440.243068988282
5550.167096922596
5578.630664319772
5935.771388667876
5284.259614046247
5615.701740551135
5441.097369663136
5149.038219654215
5764.429639030908
5463.676129078389
5053.7918935983735
5661.1785295319405
5767.246659162598
5121.49220608038
5731.938979093372
5217.382175988221
5759.54115905137
5672.9070656287795
5970.017826273523
5711.517110412514
5088.711807434689
5594.067827427233
5440.260339358
5617.802862604685
5304.973669373037
5149.508176143487
5430.656334366004
5358.779236686562
5647.323292638957
5524.836014175917
5164.81543376077
5144.548677528796
5710.194285650014
5656.605047057445
5722.683887281091
5602.288424153952
5726.5521999209805
5347.714890794011
5375.946198510616
5272.787775373214
5050.18266347269
5510.837723740358
5901.080794417219
5742.89529419551
5533.2684303736605
5100.786871571628
5196.874182487924
5811.697701393129
5015.194263413755
5845.222588928652
5182.557619548444
5798.125345971209
5219.2515595703135
5151.193546373806
5338.928225078278
5028.281683431265
5426.857268310725
5959.375383287873
5673.866651382254
5255.884923209156
5490.657057724364
5350.412745427063
5277.949271276746
5227.348803933719
5175.481459741376
5071.9482075052565
5187.852956164465
5386.56607979971
5256.78644514734
5737.541923956835
5029.47673937289
5679.715210892502
5098.830065221291
5915.273896777338
5510.1848265189365
5363.349658994325
5265.356306645049
5306.792017538222
5741.96193932133
5139.923199561309
5016.179704580981
5719.884483667096
5094.155238779148
5827.61643779386
5652.929738618192
5206.575160702946
5821.784187897716
5927.0181632334325
5763.75398844816
5177.2805742194505
5636.354927110374
5055.826166592197
5903.352728759725
5398.495098847945
5860.009994184796
5008.068471911514
5178.847167281353
5095.249695368419
5346.537117635271
5324.788219363064
5128.395394031449
5730.983844138932
5647.7757567042045
5963.343330482325
5998.149351213563
5507.542816361645
5228.050741327856
5336.373294620815
5269.8646599062
5559.982899674909
5925.000945848923
5224.119396809878
5587.55444519862
5723.569307984188
5826.102446508755
5542.705841242222
5207.812592353989
5702.5080969762
5701.682909327958
5406.997124360367
5457.090840347712
5435.550383527017
5829.602192222152
5775.293369099481
5222.98520881605
5007.366078976137
5141.557485663396
5529.1347105888935
5217.1759680238765
5227.316232759688
5613.647067996131
5215.1227240941025
5202.431213771366
5062.052026389576
5697.824656098216
5792.610143047734
5452.706871676797
5069.131455275299
5710.013331616332
5547.571806970034
5382.537202187168
5781.25060847116
5634.513206937294
5696.020869900331
5807.415157232275
5863.184466065671
5426.183499947844
5643.85829429622
5178.595208338221
5894.0685333854735
5591.981028728468
5918.534345618961
5953.085740636252
5565.200766950279
5627.860629533663
5518.282306007178
5415.365541795255
5547.71703906087
5299.196324004916
5164.041809545191
5001.988932300164
5694.852238372621
5081.573186909091
5447.512272753468
5666.19819485674
5497.287429483775
5820.743877221035
5755.342652600316
5858.113115473797
5279.207884566661
5271.309819052326
5671.651202755201
5510.546594846466
5831.374013299183
5762.534198303523
5932.832826156575
5705.455150479753
5237.006226571693
5702.321588088433
5458.360708301277
5556.461339648067
5474.669640012211
5440.113293959152
5253.870975008673
5936.445000998869
5516.030015346726
5582.8611877434
5753.410671878724
5365.840974626989
5016.51778280872
5497.048978151701
5093.433812684849
5249.89752335561
5303.5599891514275
5925.750945715538
5909.344346939797
5598.229370000858
5531.847964266787
5838.857268227796
5064.922043770423
5579.606204605773
5750.4624558281375
5272.300454692485
5205.745607817021
5382.470042105513
5060.499764536566
5083.289103141214
5301.6874325691015
5824.450922675025
5850.506704763919
5286.380390221212
5174.22624909198
5608.980998052469
5762.817619945161
5511.585163407626
5016.938334836973
5479.177740946439
5310.072617134188
5991.801955416909
5362.141106249629
5379.337513853115
5489.5081181272635
5661.672257282327
5056.700842140686
5471.9337205596885
5407.930333015224
5197.536791897531
5060.41269101885
5726.325094937236
5345.526039903402
5159.222108657667
5034.362037152866
5085.774123100272
5287.748379271194
5810.335415853634
5350.586114680387
5476.745108687823
5152.538558254887
5592.564153852854
5305.67251153096
5402.56455689186
5785.805219032404
5009.64700426848
5269.678957905764
5129.235743721925
5314.812056996868
5388.74819202734
5621.012258257668
5546.375935237527
5641.0567361729345
5603.516353617908
5417.2009142416155
5186.593692561357
5015.411353085954
5655.654507487332
5178.245963136256
5011.305305897322
5349.706350849369
5012.988014450961
5959.560180648968
5172.734347324435
5530.050661271215
5585.667425280466
5966.190201344108
5922.895676562447
5621.826105775136
5406.2250718584355
5971.624011460499
5387.5825656474
5301.283458652779
5897.318392357775
5626.72930023598
5497.752478918067
5235.684532245364
5290.764530453376
5197.839462380826
5961.827103734193
5385.965699382347
5972.927735445902
5193.879009358292
5926.164225113878
5660.726949861054
5916.164286870188
5512.633765059256
5708.727888490841
5765.309375530864
5467.017921065708
5484.770181998204
5786.257820967042
5621.059202180457
5459.877764489968
5967.3388994740035
5858.040792855775
5246.199533111491
5230.308450335061
5350.421720425352
5494.589328032939
5954.295589806035
5123.01057992049
5493.274848539133
5768.427405304618
5116.427602745653
5029.589275914215
5712.938789228924
5979.9154100961505
5270.234777058717
5790.270793757064
5072.966636250345
5776.5347289370175
5724.230060287351
5825.746455228405
5230.866287739593
5732.629943087297
5811.846209707277
5726.561612344966
5655.186727889556
5827.117909127083
5533.076437777861
5065.925635474794
5806.894907201095
5532.377742638756
5004.612718556615
5694.940779694125
5508.816019918922
5978.446031643212
5507.3306302059555
5014.137097616278
5315.445776694984
5117.548295005376
5604.9038587485475
5390.379468345738
5114.659691300088
5039.841156511391
5402.3299755762755
5244.005819866189
5302.654457619874
5883.4188592105875
5390.905121547694
5796.021795550798
5510.455098186391
5708.757771559958
5951.909730600395
5562.804010560196
5218.133522670328
5978.88349315207
5007.813894487428
5177.364459987697
5959.273306488009
5737.19554297661
5747.444957321212
5684.649271021549
5523.162079569434
5947.450999501606
5395.305177394095
5422.185081376444
5436.663378786623
5529.656608799322
5154.147145636942
5890.7057789445535
5496.43476292528
5979.888786817666
5295.548573035018
5925.215915215641
5843.818583808177
5715.249686302592
5960.009318615726
5123.358134935721
5044.63254376497
5776.355175227539
5931.900863703965
5568.440013910952
5066.087152999198
5337.2022421097045
5328.238640588972
5148.285968868978
5857.323886836424
5440.827395734885
5992.495600698851
5189.949344831849
5236.558226084088
5258.331374361531
5772.810178960251
5821.663843316517
5325.590079479794
5252.557181844915
5702.660289250965
5285.013996808886
5930.683506163161
5123.463613805135
5195.903706910174
5016.477131626436
5463.838844001097
5174.775915827527
5694.064670708487
5826.18888207978
5464.3187098173075
5090.22198532394
5892.971973951781
5658.07722379993
5343.412948362612
5178.422910522229
5576.88841709974
5731.362808827087
5285.986730952827
5971.734846611391
5424.698200394027
5839.692347225296
5300.690792409021
5641.533438941478
5753.328567461719
5256.936576682042
5733.946994358227
5769.268038380507
5666.539999303104
5651.299436265551
5450.778373727779
5674.166689398842
5903.777257960561
5535.439781334303
5908.430670477671
5952.952880724674
5219.821417096016
5112.678866512984
5699.7301149554105
5018.160437341719
5617.112435127842
5020.7497359036
5827.879087388435
5485.060040138218
5231.284756072737
5677.836405935032
5762.099966660023
5850.769470389418
5745.323876548995
5905.906274494578
5040.225626797037
5407.525833325604
5180.996446569792
5643.515522775047
5031.719245161657
5021.233198065593
5558.868912827679
5943.16024293692
5208.489393631276
5597.256378488362
5325.8199978591065
5808.651648811506
5584.367223851551
5492.912428685445
5571.2532196306065
5671.5151375958585
5775.6244268448645
5722.169538526588
5265.812964530611
5259.787621356414
5862.299555220907
5372.262976961429
5980.999120654518
5203.790396575109
5247.271076320525
5241.000920320692
5177.207993026564
5823.144847046389
5251.071034063119
5484.667571297292
5232.9339271109075
5696.523727961496
5770.340197884435
5484.876913394499
5681.470232653466
5057.139063194326
5096.113869604033
5475.232261556905
5130.547696760085
5357.12216596123
5951.123516004485
5914.6239132666815
5515.171886672074
5534.837183542526
5331.988415396329
5965.065573354787
5409.068009172382
5458.788939295196
5520.773595124229
5984.93458920231
5978.855635963192
5101.042387609779
5593.0635422235855
5955.1283191527855
5699.934915818179
5706.061602679893
5101.4594243351485
5530.78271952788
5233.454885313536
5384.412726087873
5008.339154035089
5477.556402935991
5438.246228378252
5672.503899537476
5069.059311456031
5577.932265334693
5637.202163355133
5930.181710381395
5312.305877859542
5275.630203121469
5703.559936503259
5839.250479777087
5560.718799450921
5001.6056099921
5187.424400129188
5432.819887679888
5487.891414243857
5791.843519590085
5382.143443050805
5086.15307235206
5938.8881010791165
5147.4230178269245
5028.068758144831
5002.500287843413
5974.0450559663595
5691.531846272184
5491.6701112874
5553.341625788705
5495.631031039909
5014.055814782386
5964.529536550221
5560.6867004259575
5461.55381989217
5033.541400640852
5532.460318688104
5804.926881795807
5598.3244455813365
5464.665809646051
5901.63107514796
5299.433152814241
5250.031486543116
5453.6816331862465
5252.217643073793
5810.991484225046
5591.032702886798
5637.304621685027
5317.611371498495
5519.735992934073
5692.016630651789
5577.771499422449
5988.123431037143
5287.612765963099
5186.315821481155
5293.766722961775
5448.306625733076
5686.681535474179
5742.991459881387
5107.222040818353
5153.576108278195
5619.298921970274
5030.464396397428
5000.3544262721625
5986.895348583419
5300.950532379241
5815.4895889722475
5141.231596403321
5275.617986591416
5556.669419136316
5297.953640435005
5394.675230042464
5712.900690956024
5430.506770476853
5972.023333655248
5045.337963633065
5411.224753767396
5106.312895128247
5242.679845142712
5480.615941737753
5935.602899294707
5062.194944889025
5371.340155148169
5964.718466619961
5737.675773857547
5239.5527493913405
5218.057939932295
5490.853044776698
5996.559170715169
5001.730536441767
5899.481524342796
5867.358461640999
5653.7654214590075
5411.5601338447705
5851.408109731894
5595.640715133183
5454.539785803387
5814.259925094538
5648.097440007198
5249.115339967993
5737.502986221785
5462.024998659678
5186.14895829324
5959.277641324126
5503.118235240824
5144.006296552169
5246.028497401526
5280.387755041461
5528.880630420346
5912.544341585641
5872.0829838154605
5081.759786396743
5605.402260617056
5537.79498418652
5818.050202689998
5406.564401281989
5460.871159437208
5898.412724334752
5830.806230231801
5880.430088223481
5474.645234653912
5993.514768852878
5663.390859971719
5627.868581697565
5803.975434686831
5113.180335189009
5270.996226741666
5078.315858732504
5145.179696033093
5467.925496218799
5273.274203416
5275.867575233353
5647.369109888109
5526.352919188104
5615.032148166495
5030.3209950017435
5968.817963216149
5914.206231341161
5669.73505450105
5756.3858814864325
5371.4664175186845
5139.162524742662
5971.147144185352
5768.769020780803
5808.542874574091
5200.33164722023
5385.544075615943
5753.381771995031
5572.932059922827
5939.55074693215
5578.503646492816
5921.986625145617
5945.263542047998
5461.513410740553
5949.551750431811
5609.688916682902
5052.533844174216
5425.167616495966
5026.947538308841
5253.677063945109
5370.723929450598
5763.120243921493
5098.656484982794
5812.288174063495
5946.640501037851
5779.504902755396
5532.310682154889
5080.140250125937
5042.601142191517
5130.230811437444
5339.898291596436
5638.447707001302
5867.63287549949
5151.971169192616
5472.772607918739
5037.380275433754
5331.3141188153895
5540.652711356686
5508.668303812403
5121.377099584965
5087.009024060047
5995.385358352984
5575.260256018263
5311.84310236706
5252.213780947911
5055.523160500192
5888.866629701948
5049.436554885846
5179.508082053903
5424.172379510676
5991.103720458825
5282.058978365341
5640.534827269848
5222.129310541122
5812.820953432058
5963.585894979158
5458.165605210037
5824.1309937223805
5999.491581103535
5276.644362117377
5175.54241609012
5319.842445210115
5973.45964257988
5727.135457409238
5987.497133637034
5103.0266360167225
5914.055169714859
5156.352326459933
5143.654326187438
5130.304041052228
5864.363192913169
5082.904773348638
5686.418831282631
5883.90427778908
5481.577225245827
5881.600813787542
5359.737555636741
5733.408667798499
5625.42185626484
5285.2129936081665
5568.178055033526
5085.374280857512
5682.581843939212
5865.719581897367
5839.6406704451065
5990.063573392464
5481.03071116166
5407.879270995644
5511.695963347286
5851.595673175416
5497.818925377404
5130.78457143686
5492.377571948452
5918.277539092052
5152.800432790193
5252.533215239445
5326.783024498263
5846.783157761687
5188.422131763098
5484.395246238363
5233.250904117132
5420.272913926764
5033.423940070976
5641.347646138816
5360.988448991233
5281.676835038865
5987.810115175302
5246.812606446151
5527.931691634719
5257.41634029271
5942.509397638674
5742.48043853771
5921.519131125761
5715.477057513192
5397.493636272809
5299.997160353703
5454.331951297373
5996.314896411129
5967.706300616786
5439.49662562196
5927.414804808127
5676.2649056682185
5288.308304412896
5673.6695543029455
5690.33140753697
5678.883600340464
5288.59952280948
5578.219500816764
5064.965840658948
5199.7753889651485
5322.77490576075
5122.829499707818
5251.032203575927
5470.658513174358
5875.502883068456
5675.427621651265
5855.968633065104
5912.24168586716
5211.632763505788
5341.325331152729
5373.807464155052
5577.5139483307885
5380.868698303211
5088.53561778922
5211.586241215903
5075.183345608636
5947.491767439938
5348.000053786378
5640.299173335705
5596.703543954718
5853.08326865592
5423.197704816677
5785.6397307148545
5048.947479533924
5819.876628066044
5711.87952243571
5807.007320427618
5497.557338240649
5970.188253700826
5915.9563889330475
5180.457223552385
5279.0317192735365
5998.327447717818
5846.660186639922
5685.768778930349
5535.742961531011
5460.131722801095
5560.375287752314
5892.8643626864705
5285.931330997593
5286.523075754128
5989.658602194375
5666.5239087672635
5901.160668735092
5720.988415596616
5313.617828459344
5606.359328340259
5832.2733573363985
5182.003307183438
5062.364806746906
5150.5906433313785
5668.236258764102
5691.990678276416
5101.542294994736
5964.353515994622
5650.763949788635
5099.929779213864
5883.583668692166
5836.115216456993
5890.539376937691
5063.325802450615
5692.20155297975
5524.632441245836
5776.674472564933
5873.217492829707
5054.965872824245
5918.550727308545
5016.508850200348
5768.459030035173
5848.673754779029
5519.527944706617
5132.481628573105
5822.030621420167
5043.379708918735
5645.955683030946
5479.352466533174
5821.026793956768
5563.361716362798
5186.795492733673
5941.311556120106
5060.824500343594
5403.397074753069
5501.73878878761
5478.258826353682
5337.2628433368845
5164.390110642537
5481.1090181504305
5897.257780838282
5848.3567216754645
5795.699468048637
5284.398800282607
5135.434457061859
5728.7897909482945
5953.515527874357
5042.1144776713845
5750.570333652791
5602.748142029521
5823.916482932979
5082.806366432748
5552.578928198858
5971.724576677151
5693.196270958645
5669.131134034192
5907.67687147645
5658.324173143532
5305.7439132357185
5226.921195136938
5230.318606499222
5104.279203075993
5895.125646473299
5952.689309155993
5398.0351831973885
5502.016448615564
5704.015211174499
5666.72394141112
5582.347523204598
5478.165885717544
5695.92252565241
5874.412058022395
5799.221583887487
5588.681283654163
5773.820349593746
5034.359382124521
5554.162174625928
5569.087148506375
5301.352599076018
5641.787856404045
5418.443772431129
5254.71755271079
5239.888507590154
5773.570658999064
5799.543806871719
5758.494215919084
5835.547436593326
5781.258363977586
5287.165329798245
5049.270324549135
5025.926986223535
5713.54868695271
5506.542840284554
5095.031014829845
5446.148727413192
5218.0372162603435
5545.498137303612
5590.870680576641
5794.071949433406
5148.320557963525
5222.805286498345
5958.996860539438
5192.400828063464
5176.256673553955
5883.91920998811
5797.061243840369
5960.3784379559675
5078.8567179033935
5189.110599959777
5051.894235790515
5250.399275109162
5094.573142420349
5742.508877643287
5597.513317911808
5823.504964645756
5169.077050173141
5453.866707859046
5835.772064465086
5924.603223569142
5067.2630242724645
5275.851586456604
5821.291542167443
5434.750514073203
5389.365309993097
5734.6493641549905
5543.086013447879
5509.0021687932685
5507.539857068418
5383.587277965324
5508.928074806457
5226.294420701387
5867.771378499606
5990.994498007194
5786.095958087026
5000.343085315971
5436.313130269156
5538.449588279721
5071.557192456587
5191.667149571631
5320.9061395170975
5050.021416708892
5356.417284575349
5873.488666379855
5276.390360609878
5986.436815683112
5664.670223130327
5382.559325131151
5276.2236587734205
5979.2024818369055
5893.617406089045
5938.7393117796955
5428.420049321575
5951.232688844321
5685.033220790809
5091.811663435394
5046.949964872758
5993.599892766386
5152.048968868573
5536.841316285642
5744.8690106611475
5551.383550020738
5989.929532953971
5101.414453184039
5272.593194193952
5981.928238099565
5126.467406297602
5828.076818937875
5646.526740312879
5816.0897037354425
5451.753210415502
5551.474905864252
5929.76739910943
5535.73389258274
5370.051263411015
5464.122956833503
5622.8027918062035
5153.692335293098
5564.18129865126
5042.686622630656
5690.62361342237
5334.630926848851
5057.91276692238
5815.942838482177
5281.099756541572
5975.691403959536
5740.948290330895
5550.086795526687
5784.0664924932735
5711.41285949761
5907.7152759075025
5066.215581392172
5850.802488376421
5657.154719037803
5056.894964444057
5327.801601128176
5233.831407859286
5502.918407016754
5391.585527479471
5197.347740427202
5587.163835073248
5200.5515970074475
5279.410995290412
5498.230594416849
5077.327058725722
5675.5125505014885
5415.714047053607
5453.97293253584
5406.535192894926
5482.063298447359
5230.078374518585
5105.661581732484
5759.166470403355
5432.624930319101
5447.465643406367
5031.111788302287
5000.129201511385
5068.504606785675
5670.47204752658
5942.616523950711
5913.5242191115785
5121.786039766946
5532.575735313825
5056.325108964032
5172.702922797575
5093.134211563255
5520.3457624499
5682.630945760675
5991.022686011999
5975.508937728996
5106.78008528507
5195.603393180846
5531.596150172634
5380.242796769643
5098.094358309729
5808.083950058819
5820.676301308556
5270.260589231459
5590.7205039586825
5567.482460219359
5612.893162257525
5221.3353428730525
5433.234798750625
5702.829878498846
5586.502316929322
5025.474235948117
5434.381201594091
5498.354654903765
5828.488637041307
5414.254957453235
5094.5717598724
5118.151379378993
5652.664900728796
5038.167923431472
5945.474118935559
5213.890483984267
5640.35992071015
5489.231405228028
5795.662297119179
5689.868673332524
5278.272110765253
5778.156878657845
5166.025142063423
5659.409134162233
5852.01140358082
5148.827487273113
5843.944322187378
5095.724648902755
5832.735097325598
5035.64114412717
5922.629959774425
5876.91708811407
5747.138753101515
5884.8141864025265
5974.798330497548
5550.573267188125
5948.2648583319415
5636.205803171577
5378.402158947937
5849.981635783378
5733.372310726456
5397.793345842671
5767.423795109539
5589.567110446338
5207.591039333894
5908.819467548445
5801.287844161395
5778.172552483908
5495.472613149498
5703.645224481143
5541.236069267113
5625.802374421971
5587.775293423447
5102.7741965600935
5255.657426320863
5094.432376292371
5956.382755195298
5036.623900627924
5367.795954309108
5730.633445372541
5288.6212097172565
5343.076594648142
5995.920051580718
5687.549230056016
5078.087852113702
5036.826706157616
5634.093223103807
5510.050342005903
5690.388168501113
5270.796636395918
5401.844876863735
5882.6855938158615
5784.889323550045
5917.585574810729
5193.345613506374
5958.82876098736
5852.156604493581
5479.7741311384725
5194.175727936348
5448.200547079737
5795.040703503156
5203.809230084421
5908.095636606434
5602.860186479134
5081.022388863608
5804.868458050407
5199.346658679595
5687.273475965027
5183.528657687438
5025.3244858688795
5025.370289030801
5999.095728052693
5312.3251043197415
5794.808747838364
5769.291425616337
5427.790077980421
5821.584255219077
5772.439462165335
5756.762315614995
5149.544966479778
5044.111846499172
5588.829947938552
5089.316812391035
5680.309437164841
5661.244219146413
5207.494882163517
5339.885798202328
5042.718961145954
5275.4439769938635
5944.007048202366
5815.723614563545
5481.182003453153
5526.819645126452
5720.380841311193
5726.4153826522825
5402.113775854474
5627.664214431895
5030.85052310548
5981.375376895348
5035.318773804345
5138.418876058199
5802.657687860114
5462.545227639143
5765.3813509955635
5056.74224858573
5322.337354752722
5095.656523020126
5436.6583562905425
5982.748110656621
5109.168228165926
5016.274069641801
5006.127890086365
5729.987351079569
5969.708414825857
5163.0048477394685
5862.858694319529
5203.0141947128295
5708.892093124273
5679.173503436945
5219.392342301384
5921.5061781395525
5670.6906820312
5764.617064569265
5402.330441246429
5011.902655512488
5887.141069522045
5499.607720365815
5052.710274610325
5546.999636326891
5650.291149656478
5983.862441240771
5785.722277542925
5673.8547379096735
5476.850813710701
5045.400940768297
5338.347434926518
5907.493804510988
5952.679330252078
5014.383786317433
5279.722832059992
5500.761044806343
5735.807561283004
5664.814647587034
5095.465833212918
5742.397795020562
5757.18832302947
5696.232266677467
5291.824959656539
5361.711343728532
5074.634428648478
5365.389925816262
5297.852280651477
5851.352571618994
5298.275277262799
5411.827954817939
5210.0843627796385
5334.243415774793
5890.004769771217
5685.791813950725
5564.660360183025
5437.2080719882915
5830.549720366787
5172.337396095187
5542.433541495964
5039.545557888123
5093.133991104525
5026.104224842027
5595.110112533478
5748.878683620662
5597.393030481351
5915.563341453964
5880.794748424187
5838.812720533773
5064.904031158683
5977.344731495864
5206.110212099247
5866.361415363054
5909.746301186412
5984.589091005002
5759.119017376117
5306.3771621438655
5461.14350462242
5720.427784453313
5894.622640775877
5098.092217035073
5218.204729503301
5443.135684149341
5938.839887544998
5112.408648312893
5699.401069477524
5737.2859872981635
5277.298024549808
5218.086183574619
5309.314999099485
5206.225796353352
5187.5332752244085
5015.781676112562
5535.665025028701
5625.234258938555
5187.770957572097
5614.440364471043
5160.821319401712
5218.377412154596
5206.798390190135
5987.938754352844
5456.884585099058
5429.406546290165
5976.044892217886
5826.064497101931
5123.224551077809
5650.2780165764625
5359.5508969250295
5944.440406478556
5825.8756114695525
5634.289208833481
5150.068685071205
5236.656771060348
5210.146936170356
5257.8522319984095
5896.657149521352
5224.182740355125
5727.95718972676
5115.7425143151495
5201.799762641526
5772.539754581974
5856.795588643474
5684.626110278712
5423.845601995332
5907.883996465884
5011.617319138193
5551.3411602492
5634.761508859062
5801.350065537892
5356.866929623136
5506.893812325403
5189.974423344651
5702.462746680533
5916.896606050995
5371.1553818253415
5887.770580474636
5624.391622062169
5512.6121195443575
5217.978261998987
5477.141893383196
5229.522992868059
5952.479265271051
5004.514981268092
5121.728845489677
5878.152898647973
5156.870094794211
5579.898858857128
5343.997904805305
5044.503756053344
5647.386327366468
5764.422695772371
5005.936645118426
5217.2899396100765
5191.134293039154
5462.260617651288
5363.2073288271395
5088.254392460461
5372.564056996824
5430.703169931888
5728.420478534507
5923.118959934016
5614.958757267634
5905.985424178343
5449.850586284602
5830.850065252934
5679.859946600944
5424.571598249794
5845.278637408252
5530.601071106107
5427.517774576114
5157.782871153849
5393.4105360417925
5730.294824350656
5697.972136170146
5404.483763292465
5599.744625052629
5634.070427185342
5959.060030233493
5665.125659895495
5716.528177074772
5991.163830047072
5493.146347536863
5035.0411311801245
5634.234324231917
5563.93547613932
5433.998321732918
5328.343785192693
5798.895006524384
5457.90983155254
5176.819238434046
5847.8996796762485
5064.542212926416
5987.8480540163755
5501.013781269856
5246.257067274694
5559.884021967016
5258.669271151541
5315.463671008041
5700.942223359712
5794.666707014775
5735.3108352452045
5280.752841987504
5072.125560508915
5518.16646241209
5016.7173936477775
5785.047195852003
5058.297839058748
5570.444977399044
5545.51218641409
5290.243315033514
5705.025902286687
5452.561208293065
5732.339035432432
5780.705387506754
5969.671292318023
5906.8567024854565
5006.926286346836
5087.378770595615
5937.2327933311735
5588.882596696013
5194.263363974932
5289.258070505853
5097.269389670125
5394.336928368316
5787.239884159028
5694.997145676586
5765.683994851576
5558.012476986054
5257.396093473603
5579.440643170752
5535.565122430622
5124.713441048345
5900.152324531582
5798.648824948847
5185.099665521867
5641.982546877276
5834.759339451828
5283.058100666191
5532.5905312983505
5013.703525617804
5392.665087570973
5216.506783812347
5254.036712867338
5452.635635355075
5566.712250491125
5433.300081549906
5988.830772664419
5018.236683058297
5734.959590772803
5038.843303930472
5976.126527263761
5464.828499645041
5857.563055604607
5972.203376851026
5867.55185571216
5367.17657920602
5599.565921066463
5947.263733660456
5016.131616949817
5870.486391128083
5295.898317780691
5755.5492233247605
5866.596565353089
5234.779667357174
5368.9016120826
5456.091206016009
5019.9201970987
5609.074459599321
5199.00263012569
5333.2110111912225
5142.585531594777
5166.594122725404
5863.913427146166
5459.064091112231
5125.696518210643
5390.778116051294
5149.452636501147
5123.969221586324
5648.677320089261
5800.680208517881
5965.342036223914
5446.580913844951
5771.866454415189
5444.328212086657
5717.742814579383
5405.762373444182
5684.187330949161
5162.0742277806985
5093.519587328566
5797.987619199242
5617.107791428141
5484.593292808836
5941.886857632014
5002.955779487143
5975.541754724933
5477.975365088703
5230.051467299062
5211.922262759316
5713.012294350587
5522.15637809513
5515.40352753022
5917.274008625151
5574.203236690376
5381.966513179932
5605.884688235639
5001.071275879025
5918.215060867722
5956.382241397818
5969.610838213407
5051.519101925482
5777.170515524502
5622.478790662492
5249.006152725481
5383.927193627699
5321.812204152011
5427.363901914216
5345.027358487849
5701.6420731778035
5983.474434946866
5826.301354746813
5877.498201227519
5659.477271326781
5148.589242449148
5797.485091715569
5081.347168186523
5555.898442767046
5046.719553036612
5810.334164408178
5331.6496011006575
5835.581485587912
5808.381953885456
5765.137716746966
5056.036822515656
5196.345980628968
5648.26483501749
5029.285793605942
5409.499637723053
5291.261788224946
5041.614766210662
5534.2811893024145
5857.4379117235885
5059.747488958868
5238.461337772257
5665.216930965854
5156.837157869015
5837.982994384713
5065.7925892993435
5289.035797587397
5075.134208847425
5369.416444386801
5404.874829567185
5929.523608690668
5539.928387259196
5885.959302945621
5233.310282278858
5816.295590365846
5704.154382837934
5576.720730510013
5039.95243606399
5973.577142405011
5971.456816779653
5038.63132456073
5630.68471861472
5868.480518998845
5663.7080717906965
5345.077068892932
5733.834605045367
5348.0804647347595
5459.846977354876
5754.078793606232
5838.586533671896
5796.855500515817
5096.36682813369
5108.132298806111
5947.193497294226
5565.261392500255
5397.273693065388
5241.886326628551
5273.893294367585
5925.384272558685
5418.511223199129
5730.225037778169
5448.252500110513
5417.866042630008
5522.859508532324
5956.139442719323
5413.92118883965
5578.050142476935
5920.289734491428
5448.353317788924
5010.121603494909
5407.64003409419
5969.741853672191
5385.069947867812
5366.250904096639
5151.760340601214
5581.619884697217
5612.8633500718215
5765.765271189006
5070.892893292001
5275.348917991712
5321.094598925213
5782.339183632694
5165.840239193298
5304.16800591005
5769.602243960029
5245.616275578708
5622.060657703839
5216.257133519208
5875.808995132176
5456.370831158273
5557.034309847615
5917.307541538643
5796.215921240439
5602.5938322562715
5897.987187545048
5251.123649278709
5398.2652606009115
5054.281369073113
5026.218371538995
5258.203188649324
5676.298193647397
5011.477363772732
5580.32884170751
5557.335176518129
5125.255802649693
5376.3866639518865
5624.1638950886445
5858.515018791699
5777.333712432478
5153.4864980519615
5469.061766808552
5349.278207855068
5338.899368496874
5080.819245166087
5987.783627232322
5185.558596266819
5884.78447490836
5680.562631495788
5904.1356017575645
5229.1099994249325
5037.44311534867
5749.532275310526
5109.107216298166
5077.516792959589
5665.874136874878
5641.042697777402
5192.120598721868
5663.411058503046
5696.265420067088
5034.597125054326
5466.948844248553
5618.33757344446
5867.72888239515
5672.107346755507
5480.537408576676
5111.50376589675
5501.2644754096045
5942.094080339161
5131.347010283825
5799.771716602066
5166.668752322632
5550.899743729074
5669.2227816017585
5150.920487145076
5000.787379889515
5930.1554099800105
5037.629443651893
5883.332029401775
5995.194496418577
5487.642853467059
5089.020311959351
5212.508869238321
5680.58051105321
5788.492309017711
5846.2982525685875
5319.868788330448
5471.009015158503
5967.766193972782
5096.658790155205
5506.074179355054
5152.145870983835
5234.305457734374
5798.34098326301
5440.298894083369
5202.400870316521
5226.546207221804
5411.3065302766445
5060.936675212445
5651.014206876613
5821.380901310519
5505.881501769884
5576.469508508313
5155.17865920853
5707.899363812648
5589.902030450972
5019.00771518708
5117.454937984217
5554.280842829745
5016.480063236722
5045.682503350054
5414.893464210404
5579.945156175057
5593.999715730186
5111.5004287675565
5289.388074360246
5607.385570705445
5718.860982465703
5878.767555326254
5273.693325214252
5632.348131120808
5357.357271447642
5405.331379567897
5667.383443847893
5500.432471751089
5655.880522439438
5051.381800238655
5667.63545229784
5681.676032701526
5335.8003007866355
5074.198709949252
5544.2419686086705
5647.026048510131
5251.580857455121
5442.925937082976
5442.6976230660175
5860.279061022083
5574.090695997841
5016.720345832785
5045.783679495597
5725.10824789059
5868.397647559396
5097.138720943838
5599.73313598726
5812.98567433389
5342.037304872312
5744.376622886798
5238.096173432251
5722.856925838598
5765.527817649168
5296.978941511489
5168.701365285107
5494.893284152684
5830.4391989656615
5061.029024960141
5755.335161120854
5732.410817228764
5720.874883386132
5277.51132009905
5376.284946834919
5736.517441640005
5747.813936826864
5956.525048311563
5480.707917655435
5786.955326008898
5399.680872077451
5887.9355268175605
5802.441850579972
5468.79728611711
5763.540703113682
5599.936973116541
5789.544556167737
5872.644149843271
5079.587413849667
5859.463273699368
5797.180383147452
5377.359621225195
5815.452010230678
5760.1675672625
5460.707405199289
5188.592261276029
5706.230718787416
5962.841632777444
5321.359400530596
5321.502724495257
5169.394780918595
5109.374403922824
5770.4730232098445
5865.269328775453
5504.16326293195
5216.175621764184
5093.692046928987
5352.588158530438
5244.129453601917
5424.968981166285
5749.50756511474
5466.801033964036
5124.970983359038
5969.518182486151
5438.012083043669
5902.049547628642
5700.144730470725
5212.07428418166
5238.766329938017
5070.523959324099
5069.905816050623
5393.975075477436
5112.922611952989
5332.181015447441
5094.936072407347
5141.014764031783
5037.940977956176
5435.298879981807
5503.164362160442
5339.635418116559
5393.395606540545
5216.358371202762
5593.455399375749
5815.274848871644
5082.595372618651
5548.30686589598
5654.2802822483345
5396.453153549572
5538.453572046847
5077.164589311285
5373.911565088193
5282.8594030511795
5636.09747016799
5665.4404158921925
5140.44170909765
5584.829967654143
5961.554455514849
5924.1563239681855
5482.72940587548
5201.890531447959
5820.417088963646
5070.965900051924
5805.396069256537
5118.02373605981
5521.189729808248
5584.537262595241
5070.439054354487
5268.287804722314
5962.315126279351
5578.303906412166
5570.422891003713
5179.905138601944
5812.128388492861
5553.585749769601
5466.909971753915
5931.413635470524
5397.599371060195
5233.079440787259
5403.57846852683
5292.449134326775
5560.120078373008
5216.737142236717
5154.861888457244
5153.827656067653
5859.043896762422
5534.992579157675
5482.6596133197145
5317.084217044322
5137.638666287572
5194.6065848708395
5353.471110893973
5288.841990825275
5020.165008516161
5021.574096237599
5166.0831468139595
5239.997817523661
5585.453895025942
5145.688662506379
5543.284383897384
5057.446262544655
5862.8993219825015
5532.159558765332
5676.621837797284
5319.157224774752
5825.815952466718
5927.713430849132
5537.431106336598
5114.442988023457
5080.2076462789255
5604.762071306056
5393.206927753434
5193.182058773406
5368.400850321834
5817.231688160347
5960.529851457988
5386.197932621612
5616.601210290858
5341.832756704356
5440.692449667829
5670.788609799866
5347.931434841485
5791.3061314782135
5782.322086470353
5880.814876849235
5632.763997211948
5726.335412675019
5964.841370470439
5393.861888169324
5360.325691076778
5496.004204817396
5976.135717256895
5782.78751808925
5848.94652808651
5807.891742943342
5808.1839030023275
5837.154988707722
5946.856853496635
5513.420333292338
5849.83877044446
5541.5346349207275
5756.3098318844195
5697.4359429623
5471.486213136937
5510.080605173698
5528.475564167978
5564.562832255977
5514.403932292434
5725.5895393437695
5787.263634228061
5210.240549717979
5391.518356873571
5429.903511336645
5643.163170034341
5420.917648645869
5171.58812265702
5453.279021933005
5687.253566268864
5735.811110391336
5779.654152096248
5249.144247617364
5430.24991972084
5054.803002195612
5779.44751527617
5859.227632840236
5612.57141349332
5404.940743676437
5325.198721618098
5702.698460516889
5351.782145937929
5882.784976033727
5995.398998479134
5304.977807311009
5458.769047464578
5484.898317833507
5004.473467357266
5582.869583957714
5602.581791659293
5511.507269439771
5659.516083355139
5619.59538700844
5624.088323252281
5814.703603147835
5691.082992953632
5968.927449860351
5811.7707433293845
5650.398940135689
5635.203111725095
5232.956295423357
5587.655199137847
5290.167345498504
5675.421230968099
5274.526043805891
5167.636649834434
5138.758949011749
5992.789850590743
5323.981334282963
5982.813560375327
5899.722371321045
5232.8420270683555
5441.3843743152565
5253.371160852734
5757.179223861174
5684.662459758238
5321.941342110904
5294.308183805129
5897.209430334283
5948.5255172938605
5764.473450153979
5691.767213110225
5460.834678744853
5157.8079220924465
5953.12199629422
5553.190180668859
5314.579091459216
5011.541167091936
5546.776365215318
5132.354158921173
5216.261614260632
5181.734263010944
5157.107672718891
5264.697970448451
5498.319074725094
5292.910381112496
5567.434101606509
5767.65006487443
5359.403079390907
5107.764970151924
5656.848023449822
5353.616386359559
5591.51488859195
5167.05776048485
5300.741211380419
5145.689816623513
5011.201658735052
5317.063001487522
5003.956014362583
5084.99429658864
5101.418895907958
5882.475154646808
5123.144625873682
5909.8482641706705
5518.53253116129
5303.762498678756
5475.381416590838
5413.915433291244
5951.025117787051
5351.9111204066085
5776.861939658833
5367.560844317935
5707.393106804011
5530.379891116228
5747.701628846779
5236.413353643992
5346.626471791314
5222.9496114573385
5979.187325497303
5798.517027993106
5837.71407099554
5441.546092994568
5723.807543711591
5466.016533994503
5271.761775166839
5082.08086452204
5945.650200636716
5313.307104246625
5451.4074766807125
5097.649068011125
5471.848141892495
5152.115840965185
5975.447106695856
5521.398391334564
5179.806392375895
5251.843595125554
5692.703167160552
5352.093317772374
5056.460646559432
5243.315744113472
5441.367944323627
5054.206674754903
5617.660408618552
5864.445710510002
5977.5599220167405
5640.899981418775
5112.124198769634
5719.883634523774
5512.287424743124
5829.811549966522
5337.131122994274
5715.116375440282
5154.786387374741
5016.641746125667
5878.288384674302
5559.704569275404
5657.649642931262
5351.118231328938
5014.680547470637
5600.593784197196
5527.285364797363
5310.441147023701
5623.849929320283
5678.213741898664
5839.949702037489
5168.263538509991
5509.394025904645
5864.450306648594
5398.2395525114225
5176.740999090779
5949.169761959672
5344.501754821124
5709.162222591388
5497.827112571945
5121.145052468839
5126.83317274144
5122.13958960592
5666.994855516271
5368.143823071483
5359.505277900368
5968.316787352344
5157.151560739565
5399.136600925163
5306.504496037546
5854.650826091102
5166.161519351897
5396.99680980916
5223.874853684743
5785.235757069335
5792.74668154731
5146.866050637782
5441.157191712002
5372.210063089186
5623.214616709949
5900.6692722874095
5803.4720166815705
5942.835439634811
5174.726926449434
5852.324970505777
5964.695835385088
5014.897988243718
5187.99299950407
5040.435509238661
5684.288475686048
5108.309117310429
5135.573954188005
5701.9779364844235
5315.701681553163
5865.025358450552
5147.133408515188
5765.20710696305
5965.880758824257
5657.245756487593
5887.165838348277
5389.361891776337
5859.869239727392
5525.507401121397
5421.071366849685
5389.559904066142
5236.121342794069
5918.535989521588
5113.037355246532
5922.987630568
5202.826740383814
5117.861943625887
5330.237584224534
5112.309054019479
5376.095312844218
5807.316222845784
5566.516701509822
5739.0150033195505
5694.89822788524
5687.537044085435
5077.2234240685975
5182.726023158012
5328.7798531828375
5254.772316389774
5334.807162436116
5243.6102418768205
5395.236235147624
5275.827071256049
5878.499584250475
5464.189865232355
5424.2645997487125
5298.771980002815
5748.611074379502
5769.229808169941
5887.3989268889845
5787.37020928961
5176.352190743631
5011.18462120927
5551.572470952237
5653.805878031912
5546.87270809862
5924.252319438388
5441.269926615626
5294.661509894058
5963.535145170697
5561.345925512436
5832.891541649293
5157.487602130867
5213.1267410178525
5463.039556890886
5571.569617117597
5732.145784721896
5995.374424949228
5059.31232752652
5102.197123128224
5668.133839989307
5621.005756859548
5762.074267248041
5795.546639720259
5338.717107700518
5760.461270109655
5639.981112315618
5283.258602789085
5903.088884753295
5518.019424019475
5809.841066716448
5707.107457934553
5138.414947499577
5834.877282264932
5323.54777296153
5678.6379683571395
5577.220551286933
5556.9435975865
5263.486361468884
5528.547309091229
5270.445215323614
5181.510888595542
5027.456823985665
5865.266169642143
5935.970459980118
5041.657476679986
5090.729327834615
5093.054039148967
5850.132741546116
5354.903824161431
5884.8793695165
5862.154894125567
5218.730546448966
5349.8464941183565
5515.56855655328
5101.9084215740795
5395.189111144098
5539.66729777868
5577.617563675972
5278.980027167316
5566.499719727171
5628.180843904582
5562.374807308661
5920.936701006529
5095.7135020383885
5903.81930460251
5347.852265732769
5767.874434857848
5728.5429069273405
5017.539446455787
5834.2254465176475
5404.172009913689
5984.4327034955895
5864.413993168357
5760.214394953489
5595.548479248502
5783.553103155508
5045.238119037751
5927.3817597165635
5732.625302473563
5285.599880337287
5942.4928246020345
5303.699742885065
5744.676667351121
5078.980945780607
5785.657158295525
5508.4062223961855
5519.570421985649
5114.696413617532
5815.778201966492
5326.230180361559
5981.638370966244
5436.523896376522
5552.4977016112925
5338.823100456039
5134.719789500373
5844.949188734943
5599.336198905591
5254.786308010993
5426.531733193459
5124.880066120861
5259.247277109156
5271.607300950003
5348.825116150603
5983.469760438804
5139.0352442562125
5142.698586019342
5600.300928806368
5811.223129380454
5626.0808250376795
5495.746705065909
5247.577414016595
5032.029431560158
5167.929365934282
5082.649394202865
5789.792806177777
5606.67703611164
5923.708847173675
5886.974516317937
5196.479933338279
5476.289829230709
5421.607679377031
5207.480293924016
5618.0716187978005
5900.338892348649
5696.811587652744
5755.9322735285805
5786.786448120215
5817.672690923329
5687.479823328056
5874.8659605401
5556.432436780599
5739.528728890567
5051.987758063824
5959.746262654046
5033.746707133502
5189.005216100283
5716.042242471798
5204.887036472188
5195.141292066729
5902.345548214722
5844.6807877793435
5542.725815387705
5335.754921866252
5711.269275789532
5790.185222178808
5972.025177782623
5575.3799397619405
5960.430468971514
5814.5669393779335
5050.100318985399
5886.292952013077
5408.0717004613925
5342.741300370601
5114.53270649972
5141.6661153977675
5678.648185461818
5789.343265550251
5400.924542357289
5651.356485282059
5894.632360176834
5726.971570673752
5542.129632863954
5919.928323547866
5505.132785344962
5348.0929220850885
5201.744040364782
5620.815279595416
5385.4996504026985
5435.508081790809
5793.73211109361
5633.629677412656
5265.925128800949
5266.07120974611
5218.569048630675
5543.552795876571
5786.668816600662
5983.258236407607
5898.504895159223
5068.786629973096
5513.427622807394
5571.03116041145
5512.420612311565
5774.606745170722
5058.923086103828
5519.699143486834
5962.762530225253
5306.547865402553
5271.104432927576
5170.680642304422
5017.010559579521
5520.392590087987
5849.188216171486
5909.062050246373
5763.543188461569
5909.32244090614
5510.162922180974
5178.835904942343
5315.512260275522
5851.147428537459
5239.492583967239
5058.953522565727
5517.380097842878
5029.011570901128
5051.860249114003
5141.087093650492
5130.5551428454555
5094.0931730004995
5967.151963942906
5677.789235145225
5757.810649287647
5635.743987114316
5192.627109131893
5755.666461531422
5331.712925471843
5771.202683735682
5766.250642411144
5738.343752185572
5096.227503792976
5635.484760077457
5154.915776817713
5394.175890704853
5412.944947848598
5977.166168810718
5416.049471285497
5788.84973858698
5710.092279737765
5789.897025675791
5188.505930402053
5283.003395637141
5662.806990381252
5308.257342975641
5076.241685922516
5583.239493034767
5270.128419513125
5827.031057333766
5301.029127772312
5288.964496673865
5748.626897855829
5201.551966126416
5774.238710757265
5140.376622459573
5925.265745919006
5730.114467082286
5235.220327475312
5553.833799399959
5595.076689973024
5809.980830852886
5848.318035098303
5872.204877994227
5148.1564744251245
5791.792823288427
5640.445711403299
5383.227109851716
5161.654578969704
5019.475426675549
5447.876651215311
5136.963998678377
5556.931917358888
5705.046977388968
5271.723935899752
5496.677337155508
5227.571542709243
5498.109758033701
5382.845909821009
5387.971812749664
5960.286101138924
5022.546974594258
5490.318067342415
5934.432852328511
5358.756025500082
5855.343727461893
5332.148360767468
5025.894354980516
5443.736386776412
5772.657796067815
5166.779050586748
5239.116426248518
5336.101975066108
5830.263929138732
5401.121268685949
5091.664672882995
5213.16371249796
5013.827559291905
5732.403059896444
5685.793635907938
5255.627754496047
5170.253757121381
5645.053964116746
5619.373618409765
5471.900732578485
5771.898971682438
5318.761675768843
5621.52704765041
5356.272229987569
5585.9662720581855
5636.542082114782
5592.4986242500545
5690.966499111504
5480.675718373228
5458.673708477232
5075.203658935088
5975.279217296115
5752.815641863136
5835.0532956924
5040.2364707560555
5569.0120324890395
5665.843279754625
5936.56557898988
5948.389260342555
5457.9293785478585
5964.693529215171
5470.147518647568
5712.612745970812
5288.516526442535
5923.743693786793
5876.657326007261
5815.897670932744
5897.069698868651
5151.890846625758
5166.653691135105
5756.655509061087
5575.279490516152
5162.455721556925
5705.961016060771
5253.050002656299
5876.247487570681
5124.648531722528
5748.120869187463
5640.165429831235
5132.108868864328
5980.720911879417
5222.827557627995
5379.32982655681
5329.238940381546
5813.582362106763
5870.394113336964
5229.936372906531
5500.915995273906
5014.360976721379
5199.155711115208
5028.452458910336
5279.536094643788
5139.630359316978
5042.161526303322
5721.894917845958
5665.066815214101
5201.665390665108
5024.530462996866
5104.081982467885
5861.481494788963
5106.244674666276
5829.2949240149355
5008.727539050033
5248.102196462488
5167.535853582405
5851.442435626139
5304.745157656578
5911.432131064876
5057.404539027473
5298.23977686961
5157.365139495779
5167.683320262093
5805.412783261998
5251.602771400685
5406.023106859423
5773.123167737119
5758.627193163166
5918.443015131485
5714.330199299545
5768.532742688501
5207.925319203343
5889.401253723886
5844.681657082357
5787.553506456547
5703.430591764824
5860.482898826402
5620.122871142919
5942.434406127949
5691.736880938792
5844.323113059276
5252.481960498326
5003.513776061277
5562.6305388180335
5358.008293277483
5013.677787460918
5597.4145860275785
5172.9288976770895
5746.45849844262
5670.692908233601
5473.940757457767
5338.5513472918
5718.5136363714155
5715.756053166192
5368.8731481829755
5998.175896456929
5529.231205853581
5389.652568875771
5992.919774078503
5770.196932305598
5858.2330062926185
5027.113006972878
5554.926911336745
5176.982291246167
5435.483327689331
5237.609354650162
5935.072970859249
5079.040613964995
5721.439992412016
5060.05639494931
5277.724570849417
5417.583803852736
5374.2006317310825
5874.468017281881
5482.507970075369
5210.208517920539
5135.918953859417
5522.447004145646
5148.567032047756
5056.700341459636
5041.147563829791
5432.235659146971
5116.347076744639
5852.193438869651
5626.875294896001
5038.205386776215
5993.74686155375
5211.653160660347
5623.034826024597
5758.974013257896
5849.057379708047
5719.414583978057
5236.793621030014
5126.902099783711
5439.543071418001
5981.06520898727
5322.338716589778
5478.661553096312
5350.688744484524
5716.958290154459
5576.672484411681
5556.536314409321
5454.409606818777
5497.484937719867
5220.118024773073
5586.5469235189175
5711.177646356795
5137.967635408104
5530.911063205322
5217.629526797405
5280.435175861086
5292.538052277929
5779.476216350298
5731.574984118374
5824.042838651753
5440.910534412236
5294.331696345497
5441.62874603197
5317.539494645946
5642.654518717796
5849.652640525007
5470.061882871519
5190.035563196881
5450.333399055778
5856.549782042794
5305.230795140449
5808.94869400973
5034.305014347017
5094.131422049739
5250.519818178143
5007.515607083129
5184.460908455987
5990.820557379195
5454.887911911875
5833.196080529473
5872.507340084947
5773.962418555861
5788.430978029019
5050.250229100144
5475.0375286776925
5791.375012295527
5505.266682923457
5319.207287490383
5762.9430051014215
5944.713069443916
5156.1531730706465
5639.6752890949865
5617.402649047261
5604.789437207954
5071.004438461022
5952.431246919007
5279.289208455316
5111.45431743429
5779.409659048639
5677.477513153824
5722.79595800089
5235.942915642201
5136.322935136935
5376.593759110915
5224.700289063538
5251.405500653608
5420.322577117232
5325.688149172316
5161.0643154370455
5040.796021740785
5876.383392730246
5355.126155444562
5605.724827174084
5378.430619876322
5688.372012532404
5583.39606515977
5888.756085201932
5485.944506771038
5309.707454184898
5434.510178400266
5842.606291564508
5078.370351070467
5763.029100891885
5424.510756418856
5658.026372959762
5098.488286732041
5332.449436362802
5650.666121005
5988.340250600229
5476.017302075448
5971.515574689259
5033.295583178924
5746.2572346609195
5006.407688044549
5201.817934424961
5607.9152410709485
5935.047289334677
5056.600457970686
5812.9538787284655
5124.2805670865455
5282.7360833905495
5630.24908716552
5560.388689795056
5227.347454440911
5041.96987156263
5580.046705262525
5015.346388858043
5374.812973967311
5370.956115273684
5475.426145215566
5486.436953478039
5118.417474128248
5547.054650943313
5146.6191796211615
5976.6511151789655
5116.925777130119
5519.662947452041
5533.267418610149
5227.690535740066
5155.79530195627
5981.600708725122
5533.491875830213
5394.085058944769
5368.2535338932175
5166.328013425683
5299.800508479071
5581.326838175527
5284.886312218068
5087.989400378011
5491.983398059761
5083.72627447134
5784.546056483101
5238.768512217457
5190.692950729839
5160.09622450616
5077.843186252258
5603.972429908523
5937.101313632514
5006.599358257389
5014.093721734992
5896.598211210005
5358.713669127177
5774.384571061292
5581.736856165862
5364.377713238619
5659.466499381049
5879.575129428905
5188.474800174777
5035.121640351082
5429.589984164491
5197.683558190855
5434.649579809483
5017.012155549554
5373.452999410488
5078.294959266934
5555.519700947937
5252.5785686527715
5139.603972294589
5593.905981015565
5125.674730241333
5423.931888722497
5078.7680541029595
5906.274063963069
5140.427165219313
5035.523378763747
5384.501800097264
5798.387749877884
5593.651919186461
5327.813429511163
5531.603069118653
5315.01202787311
5089.447742617803
5545.884931944664
5580.0676966042765
5794.089386782286
5428.918286651435
5952.862626679816
5384.650853198506
5150.356718842114
5769.557677648261
5641.3659929590385
5679.080253864014
5619.133456281228
5473.293441960315
5161.182137244017
5968.372493927264
5754.180358077315
5701.7138003999835
5147.495562209474
5014.460557459352
5158.72845584152
5517.919484167114
5594.572753740579
5442.150018089881
5897.675468033771
5807.897764895299
5647.643296843106
5496.497730926019
5207.402066474645
5820.769911780445
5310.263590749845
5634.926153872899
5857.747289166336
5270.066154793434
5418.195457778426
5863.665363284579
5323.102614530831
5691.066996819695
5900.116129563117
5985.115756965284
5776.509439622764
5669.905727672609
5669.60965659925
5503.545027298996
5546.329066495544
5777.5962706510645
5096.497258404619
5812.873764281386
5470.83409383552
5745.138191991373
5683.759630282838
5280.130453016513
5501.193607493199
5691.441109445165
5517.001961502334
5428.091967164087
5199.4240517072985
5705.499090053324
5533.194611917801
5375.62407267094
5174.764716325522
5622.718029975714
5703.723387431482
5904.971923816834
5548.862779787307
5190.570338719147
5542.606505595801
5362.706258599331
5072.125965050627
5945.805019354081
5629.098430514088
5914.509499914027
5563.078212121509
5030.366410496523
5414.725469050514
5594.775362051493
5389.281130470249
5306.295238538623
5111.133319957886
5997.297810287325
5600.835210614867
5468.437788408311
5863.218451616814
5045.234359859043
5499.298234868546
5337.9333222944115
5030.848266079275
5927.208958035035
5587.727268997337
5635.431741354843
5763.560549179442
5687.649598556028
5154.648786204335
5074.555908891842
5982.704922984701
5357.624671626372
5585.856640009831
5314.467375406896
5776.350637938449
5893.402373907873
5017.760220235722
5286.616048193476
5142.164631338745
5711.373685233517
5803.57512756456
5992.858744021263
5347.744888430413
5993.036253555232
5753.550724835293
5676.355690184244
5414.079506078215
5530.951915966555
5380.358533438281
5707.941785330763
5259.158458566809
