0.24264135316593283
0.2807571899993845
0.35104915726430785
0.2142525774550797
0.40138556004442205
0.1344861677857853
0.2260200616135272
0.29326250964640777
0.17873103702388848
0.4208412625957253
0.4018289120306342
0.19808788860110968
0.4162974241007177
0.4190786716111413
0.20536645843877538
0.36459301699241264
0.2978859459838682
0.1049515351088167
0.18873449533908815
0.35165249178728575
0.4803091180467076
0.20412784325570232
0.4249937869410695
0.23204988705690616
0.2921116198914433
0.18436936099130896
0.2183638833454158
0.15320718832411817
0.2849482700925894
0.46517074632810285
0.4645315935568275
0.25833276307113123
0.15571841770106043
0.32412984184472343
0.41786322317077296
0.33646444608525783
0.22580665925437982
0.25178609249303896
0.4507546271129066
0.39457339748448017
0.1013391944945281
0.4875709050813999
0.455723914838818
0.37344058092830734
0.38316458798134856
0.20339666778503634
0.317262225298668
0.17072980962891793
0.11602076533209221
0.2941808031684075
0.1433327453624189
0.2889465945765419
0.2320819777390852
0.217070074980944
0.35579584120333185
0.27066932777103203
0.14788431846432895
0.19176791328421366
0.319355433750125
0.22686742097860269
0.24568087958778767
0.3245562500271673
0.3844610740018144
0.45258529741626763
0.16271764891725318
0.11103648423171171
0.23893971924178034
0.39086725680117895
0.1551006373692753
0.31496531926842547
0.1037843887588462
0.49131813467820507
0.298388489669411
0.1328475181529709
0.27409608413117464
0.2654724907793802
0.33541637377995714
0.4946693058194608
0.40170566463684676
0.10873044786062827
0.2423127641367954
0.3979042101583137
0.26139497886405977
0.29026396503091734
0.15837302596764102
0.16271056610409745
0.29564869327172505
0.31571339351425964
0.30475182681913765
0.47272433391627233
0.22650010050842462
0.30118523288490984
0.4025024393146349
0.34079031868083154
0.19885077453551747
0.42535605812281585
0.13472414677204175
0.23409294966338046
0.29064075989400484
0.4369144171752025
0.3745607537241813
0.38432684619789403
0.18693288885969142
0.40470643330546563
0.36587757548096944
0.19463489453462646
0.41782285600969893
0.17733993453641894
0.3992960669436618
0.21734954268706416
0.18866127475170563
0.1458273188454594
0.2544257889889884
0.16386875417704816
0.4810681372973369
0.43120590731530417
0.36186114329158925
0.13813391998686828
0.16087075947012078
0.4716039944158751
0.1579062027119815
0.4987444769531785
0.3014495200069437
0.39309583077551613
0.3867213009608049
0.2417517966515245
0.3058284613831511
0.18379113785597323
0.4171611893485738
0.432538057916085
0.396505008511023
0.4821316879540447
0.36971935507684706
0.4577227819780375
0.14744514429617173
0.20310702565675653
0.43934875598510215
0.17688613806588274
0.16061310279871496
0.17260106916975743
0.28140882607397666
0.2307833946464593
0.3443434469940468
0.48995849509093337
0.44312516807729696
0.21949715733295574
0.16845742845786016
0.3364341846247837
0.3149489090773433
0.2380879587136181
0.3923378489743311
0.4939939634726892
0.4844653771431886
0.24981186112306691
0.3373532835472157
0.3536353587262465
0.4169344140960808
0.34772294824975086
0.17840695681581364
0.40137315111059213
0.2069741797956892
0.3844368085703743
0.18670781603225275
0.14110357221028288
0.4023545263745084
0.19572339804566574
0.46301656796407986
0.1808563148170869
0.453503360723043
0.3020773001292299
0.1910673929721894
0.4918784722970563
0.3448996886868877
0.2424710155865918
0.38472710842637137
0.19957275283023748
0.36153827919460924
0.12106868331416241
0.2001025080372757
0.4590797766568705
0.36439293873530176
0.3047841202088751
0.2435231315485875
0.2862761192907063
0.23744880491924172
0.20582185187412452
0.3708101050922187
0.2962974910626791
0.47646537527330335
0.39734144798797266
0.33634234239963157
0.2159388925534086
0.37348147117774677
0.3159819090170022
0.45903011846872666
0.30668016139142684
0.24678274857188376
0.32443701554442433
0.38129961325549
0.13417571551295127
0.15554104103649158
0.4376728972462216
0.4203690726561462
0.10572799152672947
0.13573417658931747
0.49639705882192153
0.4743800007665965
0.19743732660397378
0.2357466523542988
0.4845573742218371
0.15090459229667658
0.14488698441337272
0.14983693063905898
0.38962573556516733
0.17785695620059472
0.3134843884972547
0.1866187080050651
0.2344918217236024
0.20339863076996212
0.4690562944994512
0.3468273939834341
0.3292797096530744
0.12679037629770204
0.45073669866733734
0.3140804193858342
0.15601700285634054
0.1532546790076292
0.17178373766579358
0.2052045402173659
0.32157678984952665
0.4828929963893951
0.4682750518488735
0.499513810319101
0.234565473068724
0.44082655530150416
0.4535433806260901
0.3075852971927223
0.35570973661431327
0.22159778636283148
0.45136060382112786
0.4846334366434971
0.34779863416281065
0.4610510383551264
0.32249365092009197
0.433068726722906
0.2523799423982128
0.40840456758957233
0.4072268035746486
0.11682630428003629
0.4915500919051208
0.3652131322699208
0.19976011229132215
0.47112112354504276
0.22740256591190838
0.40043298396243177
0.38274184655870924
0.16251166773138626
0.2874930541827029
0.3493297288319681
0.26326901484573895
0.39376531247365987
0.10762535469884177
0.23210363998551592
0.22034389266736767
0.2805989452628014
0.2547807338391611
0.15438708203805437
0.16015468629197205
0.20373641083089208
0.46616458900941027
0.21376106107893666
0.49632642980939456
0.33283541374278414
0.38280978681180655
0.2828203190610018
0.41502026490871524
0.4854739770764168
0.22096386354642578
0.2496280914635657
0.37748917124494874
0.20431332549324696
0.10485334448820348
0.23852104905248606
0.2523103545322697
0.4926657061523272
0.42182612280930887
0.22322749151654536
0.42007896129772615
0.19919190439042023
0.13307425602279427
0.2891073732069634
0.40821288619470564
0.15485808767522213
0.23088444597883423
0.4089806603908267
0.24496130193634913
0.3706242725722275
0.30854623917995944
0.15328608343663985
0.10849726048693037
0.43878984963796974
0.40238339668978274
0.31842773308575906
0.14754514675904945
0.2909217620235739
0.2505415909093214
0.39262658613210755
0.45474482528528704
0.20583315978888433
0.2587980314414254
0.3731626808996922
0.4673123961968101
0.3674530514664437
0.24611688916012536
0.3273048794261307
0.48976926621780614
0.25051298345674966
0.38016851995597933
0.3399624822639471
0.26437217586072737
0.3248032362075917
0.26314252027682294
0.35525362380248404
0.1739306401659536
0.28325309657127873
0.2855357680883744
0.26005400283097235
0.19989449884058483
0.2524787372832476
0.4925045902284648
0.20027730394029436
0.2811883826840208
0.3185245175830971
0.3566602153245899
0.18944305903430878
0.4087558953685989
0.43338537612308536
0.1273283256506202
0.4247126046126901
0.4269286790976825
0.48443983551497005
0.21519503202706003
0.28507651842551085
0.3220242815900119
0.20489113925604385
0.28684760872008863
0.1789109925820688
0.12054585806532502
0.12518133931258157
0.15164853247137278
0.36818611283499036
0.132317762438946
0.1089826149874174
0.4761061081808987
0.4429597465983198
0.3901930285687071
0.20736389673148015
0.15122881560993365
0.3238125149761668
0.12675012749680414
0.2083036259119235
0.39539287142456725
0.385365826640908
0.22002565800301901
0.10925648435651479
0.26135053704259736
0.13739929891803274
0.4127383626837142
0.41203468318260095
0.24500713223974177
0.4385207012328144
0.25298564805938517
0.40340301027287806
0.44885095252701024
0.49577376987245325
0.3968832720649407
0.17267961756696906
0.41947997357333133
0.4807374213026121
0.3681972640264307
0.32665991955141627
0.17899188419089232
0.49827506200401306
0.49740563723898723
0.4977416800129536
0.46588708809418145
0.43583623494959955
0.16090941534750117
0.4679130228907975
0.2069225134920267
0.34980016529258573
0.4222108764731759
0.4193885159353927
0.1839258601925735
0.1920096876734129
0.16778041243883704
0.4553666631406068
0.22260350575248256
0.49127766164190245
0.10581888398420802
0.2928510092567278
0.4186583143603294
0.3096707269177458
0.20070375454411252
0.35990977370557553
0.3135671002935606
0.27885212027007866
0.1155942140464116
0.12502263889863535
0.19404529359786996
0.13868669594332572
0.12368812532862501
0.33850274451853
0.1730151843227425
0.2863708761249161
0.4708767088563405
0.4274867249500124
0.1837750870793482
0.2661589740956863
0.16209066275339512
0.1606796217277029
0.3898257432944928
0.15377675090872864
0.4088198818963754
0.21360710331774813
0.3104088593550214
0.4324710957346004
0.20297569441032848
0.15078710696857534
0.13905297332688607
0.2720500522760117
0.15919842966596753
0.4431846042713248
0.23849841092988666
0.3430149863509532
0.14765819433018407
0.415824454710656
0.4445569893340283
0.18723089986614655
0.25336250491911777
0.33038403184630505
0.11737763049324124
0.34968210845944625
0.111426135886359
0.4714342358254987
0.29258673066354357
0.20466824493938188
0.44815451084343705
0.4663909417499098
0.3668296297906931
0.29852102015666065
0.16905040612000538
0.43681172260066525
0.24669308240730353
0.45619281620044105
0.3559708156627912
0.4690910459412512
0.18201954566248335
0.27504689312403247
0.1288841639836941
0.21473754104121615
0.3118501626921103
0.2806362838202354
0.18643296471576282
0.3805982242470738
0.24935966507947327
0.46662010716004876
0.16187195864399376
0.4301931804321014
0.27785872990698535
0.20408391844555496
0.23394770653125294
0.4425281526167911
0.37567251549144043
0.2971813591012319
0.41037173377581115
0.27815326928524653
0.49005609450433296
0.13299569099833303
0.18478525502403148
0.4013558566243931
0.25835509289802455
0.4557300390512765
0.43893268579454714
0.10775864275357826
0.1693804097254581
0.450802442353025
0.15833654041332418
0.16290528809749205
0.320625436650137
0.4269017917634207
0.4565044956092207
0.14600997393558846
0.1624659331510666
0.462272763588351
0.2222104011658179
0.3130986438916439
0.4483224050120789
0.35996186571850497
0.10982335023622931
0.38986261697666036
0.31917678759357215
0.27836212614902567
0.12999500712402662
0.4141547634149554
0.375954499098213
0.41835186576727434
0.4491684658320225
0.296776862930323
0.42838273964956153
0.47218443197929116
0.384237846016126
0.13163045790019745
0.1220448327609824
0.46082016311143226
0.43308021239575667
0.191607856180217
0.467583424207061
0.2158769267589246
0.12896631479018886
0.49642498212316755
0.31470939124026664
0.4418302778515113
0.23306919037920049
0.4194377588447916
0.4213227161112464
0.4937771592310759
0.18373271753180506
0.29730133123193814
0.14403570107118946
0.3981839836409279
0.2802972882840562
0.2258525833232654
0.25275022828166827
0.26304782027939233
0.19412176112457283
0.13226347418060114
0.4871653835455786
0.48422635604578
0.2830898712385045
0.21534414227281695
0.3876753001861827
0.2653465465481351
0.27515665463908273
0.45924264209321664
0.10546970863334391
0.40134205849004123
0.3887641158926274
0.15508501328339613
0.463037519850792
0.3225591178416808
0.412862508706208
0.11499419259539723
0.21452823691801234
0.453290892898068
0.2575626351855334
0.45480490816694763
0.4685822310959997
0.17489418210142071
0.4097325672272394
0.11125405305155178
0.261228317269378
0.14575321325639123
0.14750266119066793
0.17813329148260426
0.42353030805945213
0.19357773106876738
0.2842425769483742
0.2891780642283912
0.3173443874736961
0.4046391911633206
0.18375952375860916
0.14918268260936715
0.12024599930803102
0.44546293961946815
0.27883496345781134
0.22142675952550428
0.43766702553138914
0.47108050028542503
0.4357502751942305
0.40612181004071846
0.4041552000030181
0.3792438083189287
0.38370738647710334
0.10681172892196895
0.10709836865116498
0.23934151807459256
0.441497165341454
0.15206776335332373
0.10919145283992432
0.2635062308917234
0.1301202102451458
0.17908937345685094
0.43200713728518336
0.44952644724275614
0.13629329266127643
0.24837354045416032
0.17136813140835983
0.2633049567815444
0.44124662764224964
0.21551449095532177
0.3510800880396997
0.4436465839690926
0.18505822140601078
0.3450032816550981
0.13039198021287324
0.16958966248929536
0.14973809343120026
0.2790527736389131
0.16626730414819918
0.11841800395961127
0.24822570308564412
0.14380918440920412
0.4066636705859411
0.36469527872290886
0.13427765045135356
0.2742887413970483
0.3344369229980363
0.48431197387003877
0.4571436646967838
0.446709381982212
0.20398204931041183
0.2032576926955755
0.10414441769992694
0.23995693720204617
0.4336193569944986
0.22281888465450056
0.28909333265628706
0.4086882149442581
0.11978724914548189
0.48875408571653944
0.19392749043322574
0.15986933521223873
0.12458588889694018
0.31587982907384593
0.3731950558408689
0.27350228881567573
0.13625502829864222
0.14587470863604202
0.3425695098814173
0.3066771766294609
0.25304957191743066
0.2584321049285263
0.4075222368515834
0.39128773453418775
0.27714228861423673
0.16094550837166
0.31033377293309117
0.290031355865976
0.10256063906521527
0.14981486990171755
0.2871502357116794
0.4863951525404968
0.44668605805869366
0.1556307719537637
0.2428954801888914
0.1954900797687591
0.270521725486619
0.14438721084063644
0.15052611164056404
0.11476658025520768
0.3656579027078044
0.16169832865212325
0.30229427169680473
0.12934641031568495
0.1348143170075804
0.3928296317738543
0.16016124859320768
0.17069113831168115
0.2593119701491243
0.31562737600040963
0.3744826169029628
0.10834833185487885
0.42320273444009626
0.3441786001596823
0.28347463678707796
0.2977209821872441
0.47731315005582453
0.2630394743449463
0.28344035586839167
0.30337520202321105
0.461340270962719
0.45471393975479735
0.30730051798953695
0.27692742253793323
0.18566553217769047
0.17044155268455075
0.4761803656613407
0.14304501945814174
0.22782793208364016
0.29863384272689386
0.29202536736898327
0.1685183356949799
0.3726917055032988
0.2639292858214304
0.24243160042994122
0.35923798382801997
0.45544418042456514
0.39809960236207587
0.15491027772656124
0.4211544585360517
0.33953908636720065
0.4285020971019655
0.4979959102310154
0.403838765993653
0.35618610241815296
0.2969459210901302
0.4421048931363364
0.3007424996212037
0.2586521312509824
0.4034630410312793
0.13819352123192738
0.188900089573063
0.3038322092875384
0.3729285449106087
0.3380080818986305
0.4697661290024263
0.17166063260218695
0.24899253612725794
0.25145150336076993
0.3398053972581832
0.36632910780678596
0.48636369686222514
0.22621114988722257
0.24290232540441115
0.4640240100102654
0.24011209807753262
0.2811120029357914
0.2593416277167753
0.40115142601419473
0.408080159243136
0.2527863781372547
0.29190807895434473
0.33670858707089557
0.2536639864120682
0.3450721713980747
0.20743631901198956
0.4131512790470384
0.3493611717233316
0.16110549900809532
0.19057715520470708
0.22042416907373458
0.2710656752713875
0.3417643720611255
0.3468287999534806
0.22562713478811647
0.45965705467622675
0.43136874771011147
0.3879175537414872
0.3471253992257949
0.4537045232506537
0.38368608241321034
0.4225479770752367
0.38258079126616307
0.4803528767170605
0.423814496365738
0.4320851862127093
0.46341207856633615
0.16604802074978842
0.23402010411103147
0.21049137699684267
0.31831651375026726
0.17685849153733804
0.20611821634931757
0.1707448390642381
0.3128139438025943
0.2520049947006944
0.4823550626443526
0.10891356198528906
0.3473287138817469
0.44246888404561424
0.4891514125522839
0.44530943843576953
0.43176634565896
0.12198568243491525
0.22545631892658768
0.2946536519000431
0.4492579723066842
0.346988164911718
0.4550789104257481
0.18883538009137807
0.16562987459368853
0.329831394696365
0.37598508309925227
0.4541296489705693
0.2300187107525683
0.30184741956849415
0.48221866655708745
0.13629842636844944
0.4877593796951497
0.11725184147304937
0.24859598683907203
0.37646395444198943
0.4524658214488486
0.339121179321885
0.16728737480490663
0.2307321685065265
0.4651706345555652
0.30598489565272013
0.33796212386997376
0.17955445020735322
0.2335967759570047
0.41910912367013253
0.409636024875612
0.2956739159614853
0.2311413143677893
0.43101239376980016
0.12664706482485846
0.3351414126147483
0.14756600846680304
0.4740852114038291
0.4589685272424735
0.36171824173905176
0.2934505407488889
0.1296619694066614
0.20649599715011005
0.1321027257928158
0.4816278691940278
0.10382860670897834
0.23608944516318608
0.3117951840477179
0.3964945420252851
0.2835212422713983
0.39958874587161575
0.26763135640359215
0.47906160371778206
0.32784099054712246
0.37997899098493804
0.163777534480328
0.23038300995055044
0.4144613051023557
0.4938516247550504
0.32428546262713376
0.1253816167929291
0.2552786284051883
0.3151817625474367
0.26042880111465194
0.34282027535067416
0.4008656137817569
0.1379021810875088
0.21478696014897133
0.35795410981254017
0.19519522360014455
0.18060455912681422
0.2656849767059736
0.20759709208322283
0.3154628961053732
0.35902787834101435
0.12618049785177177
0.11243343213444722
0.11420153484545348
0.2611432789010051
0.4321803516018028
0.1613029888792125
0.12592488320154996
0.4338273997533243
0.10970593140231077
0.4340704671697745
0.20119582426985208
0.26792033984117325
0.34496740579919716
0.22879709716405167
0.1842356497286183
0.28714929782761156
0.28452130010634535
0.4987729989349111
0.31250896578034126
0.12938712025002952
0.40489596774351655
0.34387647211437533
0.33757738079872945
0.3758974530140995
0.4820808880213624
0.3680445640730202
0.3343288765070871
0.326514976260463
0.40479583892748805
0.21320680247641388
0.11193999323101873
0.3671779036344177
0.18434936999062976
0.12208706292222532
0.41739281806239215
0.3772669891664501
0.1699227326535726
0.3397029839463287
0.23129840755600176
0.46756352309961435
0.15627988439248075
0.13382141248886137
0.3892449813851878
0.4150461020730628
0.2609836266456639
0.2722111102074648
0.2725345289664659
0.41067696809298315
0.32314454022050554
0.37626103592567295
0.4036837644091621
0.24885208377450324
0.2518960723143695
0.43223939286022917
0.30890254191167693
0.34829284819069406
0.3780324267253907
0.4730196366371333
0.19358902652441645
0.2888919671417308
0.11895995920439897
0.33256677067139495
0.48849878135136227
0.32078197515549217
0.47935050412086067
0.20406560892800513
0.251025080083356
0.26663936813218214
0.46995095923224295
0.45974901857617423
0.23336563608959882
0.11929856503997281
0.39850624477322616
0.2820314486429891
0.1653519630856679
0.45380005504903753
0.2685167449490763
0.22467523779150086
0.43153128750011194
0.4517960380822106
0.11205832422065676
0.33457279825618835
0.4736165556794306
0.1463337256664522
0.4631101208965591
0.25749557781162535
0.2792420355910719
0.3040765430190139
0.45078168430744636
0.35909381955194075
0.23816567189824817
0.27565872044858064
0.44019673938890425
0.4398296040587798
0.15078184483873538
0.3337359400180622
0.46099736408262926
0.2755286618889841
0.3960275525041691
0.18636167775918022
0.412876713571411
0.15149099796075835
0.1477443778460617
0.2298545903801863
0.3618371853647232
0.3292924286233279
0.10668652363288023
0.2782012819831656
0.10661843916387648
0.24102707099531387
0.3190887802598704
0.18156202720922254
0.47185803962705053
0.2809268223066722
0.3238192104538419
0.1615124356082976
0.19805572717582282
0.17699327682682015
0.3839393405208452
0.29423308281613747
0.40220206545937054
0.14145587114633434
0.21710985312070777
0.22605295956056268
0.3437169465446541
0.399003194115663
0.31806840246337653
0.24033083543738998
0.12467922792337226
0.4227151389316849
0.45671649993114594
0.43096265649533205
0.3431941290631195
0.27235835020629584
0.12726777676566306
0.13877693268526833
0.2135391610931309
0.17780468788201517
0.48227462486161754
0.44807046687017804
0.4553752047378089
0.1331980510347145
0.3248358808256465
0.3496616977222842
0.23896561064338415
0.11303981223045595
0.1117998626657343
0.2513672437786235
0.21818449357544725
0.18578475183900262
0.334817667562902
0.12794118615121164
0.11749631243962254
0.4718943692161909
0.2993244644648847
0.4400693235961769
0.16443167860495206
0.13652616275773363
0.22911669439089796
0.22596053055298243
0.13267967864320582
0.49465866210481946
0.2122576504850532
0.3655565217314273
0.4076668866561721
0.36087390582867596
0.3860595640421789
0.49486421151359217
0.3150357111172347
0.313821590148608
0.16502464302648545
0.3240078026913545
0.3105487490769861
0.12365624190594558
0.21145862104009694
0.3732991991612825
0.12421107994168096
0.2423165802197548
0.3314443304641337
0.4653008298771647
0.4660508307345448
0.3375804065671487
0.31223470670705655
0.2952993157253112
0.35907301087178656
0.43060257494692855
0.2596835155857301
0.15138964140247801
0.2983476594041306
0.1772972786558699
0.40519314885326374
0.2701258419109396
0.17602838801534923
0.30446631163791027
0.4510564400096314
0.21013865139456056
0.4836893280763901
0.4269517791088394
0.36533235138803744
0.1531826531254863
0.4668031636828166
0.2150756167257234
0.15583825556619774
0.3849653535086204
0.3204805145379449
0.23985390212999189
0.10702287685379824
0.1393230252706819
0.30921336725719706
0.24773733508187767
0.32794303482498655
0.49735633158603665
0.33914351055143
0.30409719910644367
0.3674891710417617
0.2890650866341382
0.45420754283810916
0.10557291154262241
0.1930582021557503
0.36977609200226724
0.3175811316142061
0.34413990870042865
0.3189662057979231
0.38446990239055323
0.2821788004520858
0.12085354062674898
0.42154848255121
0.44221759593310006
0.24009339990822465
0.14245291707684019
0.2865140484899117
0.4770489421568539
0.2531480891798548
0.2930099262598048
0.10326967792069773
0.40688822803930325
0.22029582475584553
0.22842073721121403
0.29929030693450775
0.3934493379475099
0.3353580825703112
0.14920028610697977
0.22534434201064402
0.10609269661839714
0.20605426950610892
0.24993561688734262
0.42222876201619675
0.14568906336820306
0.17806539236421826
0.49719504753777133
0.16201430009996431
0.3355808756433727
0.3645479887024893
0.38037825312790796
0.40258561907478596
0.16911570008530025
0.3939048611597704
0.2712763190280907
0.49734573530543436
0.32944394788579234
0.18138305792525272
0.13880464134577575
0.22865313588266412
0.36235378794050344
0.2622744642428062
0.20504615826646663
0.2677166889743938
0.28824992290141926
0.1649744666314209
0.14914777733366147
0.1352552942960722
0.20028148875239726
0.28588852218361027
0.21783084337304595
0.16345110280533975
0.2595928696790223
0.1097477460798614
0.3789888838155483
0.3328956717273364
0.4427621118832399
0.43751842496042914
0.3053017931379103
0.4068530642342748
0.23362424499501194
0.2659294557869325
0.46698901583493047
0.4652366889883942
0.43415110196549866
0.42136228074977633
0.27308569288794926
0.2587284589065813
0.3669247306948886
0.21759738767781922
0.29937430248209007
0.38300758398123236
0.2764563167845079
0.4420292409809634
0.13155853350761745
0.10056983751617232
0.2524597092797598
0.20045250865915643
0.31831418473539036
0.42729308075081185
0.4791585702142832
0.1282800925503764
0.16705182565421578
0.3624278375379596
0.4965392333634311
0.16705331551230557
0.3616528240560356
0.33151382380957345
0.4658473646695729
0.33729392014518755
0.17592043236260776
0.2670307250360256
0.4135642310409927
0.4950545475393936
0.3267479723436045
0.44062554479897975
0.21163317490839445
0.17817033372525987
0.21786894005448745
0.3483908738730612
0.4785448135141933
0.32730653512567565
0.4209128122580945
0.2393518576157138
0.14934439910415895
0.4663112650955499
0.2128425476968912
0.20551792450878242
0.18105781881929542
0.4294284216244879
0.39043577789202677
0.2843452888681275
0.49637847126662904
0.29024916185668476
0.29780833175005045
0.4622798161708195
0.3287326553016433
0.14246398416674255
0.13860881243464204
0.23750776396380735
0.44665468050852886
0.2739175341771395
0.3989338876779115
0.44830188317645037
0.2625802445080464
0.45078601939953067
0.42117122395926465
0.1629439406197069
0.13191995973642917
0.28349155066982556
0.3219640295349617
0.3309347087637371
0.3211754723478162
0.21801267296740098
0.403293991560876
0.1889597312225016
0.45445668432553743
0.39542785245836276
0.49080262296136723
0.4786304265029674
0.3728311602598754
0.38245922520351383
0.2331965801752975
0.4952473869049685
0.28380952216535693
0.20736429605354523
0.3116103546836704
0.2185286559768994
0.12058822857017676
0.1854177192441752
0.4329209085865734
0.2765745991390779
0.2452145754209276
0.34729206236115207
0.30705610968767416
0.3771660365985561
0.20550732360167637
0.39577660460099473
0.4777429018771995
0.2755323462379974
0.2872874288098537
0.1501269164795269
0.2649433128773322
0.10401367045383823
0.42044203462707086
0.10228920472693975
0.4880699985942544
0.20773405576429074
0.2605263958876163
0.44874271149976674
0.25616868081034105
0.11610607398283364
0.2893955252809708
0.3517798148098461
0.27687096136916944
0.1430270361544558
0.12016358834708685
0.23320697383693945
0.42161095882955824
0.19623214996073568
0.15659981447016325
0.3899847467289841
0.48721343120334815
0.24016383190327162
0.43214164064287963
0.23631358920301318
0.20609888405050247
0.39197512763422004
0.3156606724917663
0.2756569231840623
0.23520218772928328
0.26348347941120404
0.4706902785498325
0.20447618490473263
0.3187071211109247
0.34544540455253353
0.4006757534364298
0.33784533378726717
0.2935380254410274
0.30095733850335227
0.47834825899239597
0.17589843745388942
0.21531387638169275
0.3660671852131723
0.23445430733453781
0.23904196713857462
0.3536741600107328
0.43368839261645886
0.4078024867922776
0.1047083982784582
0.4519730533713834
0.3883197769378932
0.4706642320412481
0.26120533966776105
0.12524597834845716
0.1656456830248031
0.44113908896809484
0.26751352711917953
0.11516895011915095
0.2895014674767285
0.37922313873171165
0.15667978527664253
0.26681673502854575
0.3396794821322746
0.4918427877213679
0.3908994428029021
0.2641297441199222
0.3019524428862932
0.4156179788286488
0.48409383235731307
0.45595749457920576
0.3066629674195492
0.3628366338504784
0.12940167532381694
0.2775188184017858
0.38128372814800615
0.1367743114406725
0.4132993442086509
0.4823411753167779
0.22023583386678514
0.24718483883859152
0.35267406238001364
0.4420396734864077
0.14146783219700462
0.25685963983526217
0.3429509779827474
0.26368208700725626
0.2925462637761578
0.10692169390973034
0.36792989554956523
0.26422695372540805
0.2555343053116986
0.10117071637052183
0.10715525563621751
0.42483104210719913
0.45733872355601124
0.39867800693391686
0.45421738940073475
0.1911741925208991
0.4659340793479013
0.4656568758868528
0.4535124575103877
0.42311760379056684
0.4243782582240426
0.47927619747023853
0.388607253242085
0.3842261516649126
0.14650319914826074
0.292331727653221
0.22408158250840962
0.18648481295605795
0.40210280269396137
0.4933443843809412
0.29840061033751386
0.22592786210182864
0.30202631333962815
0.23109363495725074
0.10985368811819002
0.16049984484584143
0.4467888002108734
0.21980413340440183
0.32848114702746767
0.341287863612761
0.1259840883090457
0.4694086794420743
0.4742861677232082
0.36497845514525884
0.24851636584522252
0.11436867670172668
0.2500239825572538
0.15841615425408717
0.1142622021782783
0.47095972027934085
0.21156348348177972
0.15531621535454537
0.1264449521968969
0.3700414578690089
0.31519561461228274
0.3995859310789375
0.48797608886091803
0.10475040847729931
0.15699582517945113
0.28462353441281657
0.3419730096029341
0.2738388335116315
0.3846727539400472
0.31513422350396214
0.4333512511767236
0.38917961193795014
0.13099442438362074
0.24455799560625652
0.4804190463245226
0.11532034280791122
0.4214527589668752
0.35619887829706454
0.338547768027575
0.23745113883053734
0.2208252055795843
0.3821087471302841
0.29596831898003734
0.285471447494671
0.46323410611719873
0.11317333345082484
0.2269512866165777
0.43807635250996524
0.2636750718772871
0.43338323978173576
0.3285914688118422
0.20710673042568956
0.1999692512539363
0.27019971626563577
0.3026082009285307
0.4413360578035569
0.3959814940780687
0.11150940894150572
0.3467864862102996
0.4270656067300427
0.23309999271808024
0.42439926890818
0.23359164975097518
0.4633296787913287
0.31964662060012106
0.14641320950384473
0.41853881022749706
0.4231300380505628
0.24030263007941266
0.1316683837880781
0.4698430696352638
0.174086609233214
0.18116665930836515
0.14292578236098707
0.3525240629526125
0.1474999803624921
0.47012210019439504
0.1071752297089696
0.19079873105308712
0.4034176715965081
0.4471378100877035
0.3654960093469032
0.4945925360062491
0.12303999849319545
0.19312151171936734
0.30202953327728477
0.254952033410616
0.11996308581791437
0.27880200187575027
0.4529734784982399
0.42895484134517614
0.2351399793813064
0.1804965115721752
0.3006850921421641
0.46289957122175895
0.38202851546608385
0.2878899526254802
0.3112331932271556
0.3821597504997696
0.2687166912956034
0.2570803598692719
0.28368526492035523
0.32478307224556696
0.19537546464630695
0.33282451140463887
0.49350349913763003
0.4742085438022191
0.4309226164051291
0.2951627940175354
0.10316864877808835
0.35875362888417117
0.4194339760745197
0.3754755578667076
0.47310241111659945
0.3150771948292144
0.31583223949064665
0.18718318252594665
0.44650005726723585
0.4746141029897327
0.12132419842088389
0.24737115205515928
0.28162263986454905
0.40572485434318395
0.4108529943881294
0.39549110019419254
0.10244967415930946
0.29198469986719944
0.20321914533182925
0.17660288200880514
0.4153199932058975
0.44385503583063957
0.4876008960552134
0.1584523917622987
0.3239845043418548
0.43122865602215366
0.4276923863662142
0.4873023147401023
0.4763757755979914
0.3053009921149987
0.4121431800326436
0.13785721031903464
0.46301062680737604
0.2619482266584703
0.3072674937234747
0.13293698478257415
0.2381275813851711
0.2968717691518661
0.383537902148686
0.3654249110755351
0.20637669166807765
0.33610479670064697
0.46457078718137645
0.1820158601002401
0.12702773424819727
0.44136425162764814
0.3232035771713051
0.41164537606542173
0.4515653261858795
0.44566528657497184
0.12583496082679335
0.3254012858377233
0.1456574087732455
0.26664509165989747
0.4874803638934656
0.2509387541484869
0.4827543263119126
0.48822242125913096
0.22595984136737082
0.194721825139611
0.23409161321550648
0.4446174635626765
0.3439887049157942
0.1378951522336382
0.4693587284087303
0.4632222766850219
0.45543380462187155
0.16841031486998506
0.19997418976077813
0.3051021481753582
0.49424655466418566
0.4674523497609051
0.41929444933821625
0.12070823825521765
0.31529845842367243
0.14674489346973246
0.4515207481190765
0.24821345985521154
0.3447736117589029
0.19562113113982768
0.42359765795114823
0.3932283045562236
0.3896285869830459
0.11920776643671244
0.2140185835975127
0.4815290374962301
0.4029272702062524
0.49326374952716845
0.3622581896808257
0.16928488643541187
0.3949006732180501
0.4759831756551217
0.4642793493509152
0.11784564133712615
0.441527345824266
0.43846274321243406
0.2846038515123637
0.1248453978819598
0.22071763777693706
0.43973130027859164
0.45575499075309744
0.18754918420700495
0.1601814273042293
0.17455649967735093
0.11372101213759939
0.3909699201902609
0.3729429896066603
0.4699663921812872
0.40230641781817966
0.31280223019052894
0.49648659470766454
0.2650957763833511
0.3241073854773122
0.12411944498339054
0.47812055562929034
0.420889535689442
0.2118780075119612
0.29036343638396367
0.3844731177199898
0.18158637309286407
0.26459914760411035
0.3928620599744742
0.4085923625293685
0.4741333261455094
0.32329520944399137
0.2795671828885963
0.41790142674552866
0.48964480487115625
0.39549491671569637
0.4892981854301641
0.2404407213705202
0.32926900421951877
0.4233526158356292
0.24108431971135516
0.13359619178948945
0.20843598480506162
0.41401501156402365
0.19966178829589706
0.3054120872307857
0.3849326906970706
0.3022515542391756
0.18525763080801327
0.2882273472772283
0.3989081575052128
0.4848446657634983
0.3983632561875574
0.40672564686619206
0.4981217330579212
0.15563623074457755
0.4297640078637047
0.19711192432724223
0.31799644857638376
0.24850712094638788
0.41065355083399036
0.2894186805563237
0.1492534445024341
0.43892704268482974
0.404564211964355
0.4169658300292859
0.1392709376405269
0.4521305200166391
0.18391290551842246
0.11598461480913885
0.49654181760168814
0.412465894481832
0.4272301908484376
0.33504093705921045
0.2343564283696592
0.29333934730840183
0.23836590254983892
0.21961223677562988
0.4335614327396744
0.4157738864256476
0.3759929919967342
0.19812863402565056
0.42691134240793926
0.1532203661743723
0.1254161216798384
0.4612157028966367
0.29554360429669535
0.27239052646339573
0.35777616842687765
0.31089711409829657
0.358993237739599
0.45517615718315485
0.4502971911298327
0.26805326186629086
0.2990447023155538
0.18093311040384308
0.4660800656330052
0.23990688381265135
0.11172646974405054
0.23196074448372592
0.23958825355813393
0.10708889675223632
0.16782474683580884
0.2758031078440529
0.37289797196534
0.10058765418843443
0.45266254425383345
0.17251052071026357
0.48298399142813186
0.28498326039817024
0.26202187525567844
0.3499383417813041
0.4642790629429866
0.23665333075353767
0.49474972970976583
0.10135320662139047
0.283403906297933
0.21170551678723715
0.43849850775576693
0.2560343298887492
0.37615657175244566
0.2626322623944314
0.2263835403333626
0.2969107710661062
0.3064291742820572
0.23220845594203865
0.3196246018839186
0.22381909117355622
0.48865506171468864
0.1539944898056147
0.23428988222202574
0.2128204254601924
0.37438594164536554
0.48318356940416674
0.1631538629235593
0.29894630471421957
0.27971080482443955
0.18471102348559398
0.475589792483631
0.2555338689524279
0.30964093812365756
0.2859789101723898
0.3958967717648437
0.31750096868026045
0.3455032094318442
0.36767911337126746
0.39953459098747035
0.1991400506478295
0.29890483460445455
0.22919148296687802
0.23936375132728074
0.2153704673991871
0.2203772978039066
0.30298562096216564
0.213191013030675
0.184180538943462
0.12430790910962074
0.17167949455232673
0.3474060131073359
0.1541339546069075
0.355537779779061
0.40016389276587183
0.4138293008293882
0.2579033120580257
0.17256562949545956
0.20355833254446654
0.2983024165449497
0.42113343854047613
0.3628846765103394
0.43509528944252507
0.22560146755838859
0.2738471718394655
0.39096733105588477
0.4967199725726491
0.11286902396474262
0.15868782502008885
0.10314965095857925
0.332467850017594
0.3772950321583345
0.35199372002992546
0.16685598097074616
0.28737878300611125
0.18174114395407812
0.23386027950356925
0.45918954715756033
0.14191616367088047
0.4765322899062313
0.11992162666336995
0.4849137586873581
0.41690344618276554
0.4259089325858064
0.10967750666605142
0.40851561667767644
0.15614382180120145
0.13854472449214375
0.31738789482415153
0.13431754483261427
0.47783283798138065
0.16804854623981896
0.32500768608213215
0.13049844659460536
0.23817881317785874
0.3341613493483774
0.4235130955817068
0.278065998883848
0.29940742825373345
0.432180480083308
0.3024177412735472
0.15817536177036717
0.15173688338508026
0.39335351274262587
0.4805754378025918
0.24051264481000367
0.3857522212104897
0.12768779415166553
0.4323180360902116
0.41531043506157506
0.18693498393786112
0.4129369291997719
0.3363723121768294
0.44466089234671546
0.4482740010599522
0.3192713706560278
0.3224218562868606
0.4914622986383842
0.21406398731376566
0.41150299895673836
0.11916046195260854
0.23343077319745542
0.1198230686088516
0.36485360839876924
0.20836689045946943
0.4291793095962251
0.14797126528156745
0.36515633641025125
0.1557665348035244
0.2665464464717876
0.35709169838573984
0.15491170714555724
0.40432030408618913
0.35122851894135776
0.2812655557979066
0.13613989917945762
0.4652531409342556
0.17900545725875272
0.28460275640525046
0.3303272959458513
0.40490976314108773
0.21508238805800484
0.20943349413236745
0.43094162078736065
0.4339842771181779
0.33460991383095773
0.2234032598610436
0.21256557081544672
0.23001021863058566
0.49362194476544163
0.3438751289700973
0.128456001639918
0.3858613127509528
0.25201262702455496
0.12042527975691907
0.4456719931600054
0.21063240605918787
0.1822996409920312
0.352973377281231
0.239906844423304
0.15514511145483506
0.23977231287045836
0.24959106272421028
0.34839823718210533
0.4144113144077717
0.292256316306425
0.40720071929228463
0.20967438221169843
0.31257085300749654
0.15502633724922027
0.31247171377879074
0.4550598548980812
0.4119503329098234
0.148205207096091
0.38563923326141825
0.48780911421569606
0.35876605837471676
0.2934439621903065
0.4526363833176553
0.16879194646525342
0.389177863934566
0.4453797216926606
0.17573879131154835
0.4004850235907993
0.3281655131871448
0.3636213864065839
0.2261106032878924
0.2709803980002546
0.46262250358595036
0.3165785797042976
0.13085927977097966
0.3325009976656904
0.4277034970799286
0.30529985719872854
0.38196279137737166
0.1985285010741937
0.2601780568972836
0.4518422892065914
0.3771915209770762
0.12496961070135244
0.11961456323356545
0.47069960556879586
0.3958999134545971
0.15318611572312635
0.11406573553753284
0.2519572022885552
0.31305712748640235
0.287947408684002
0.42999157662552445
0.31532799053719585
0.3354630523126095
0.2787233041359617
0.49236462974045425
0.46423445326308344
0.21117113695389933
0.24577553048815837
0.23114064930069
0.44213839416827694
0.3914459910011743
0.145905697478843
0.36979528262111316
0.12429646924603488
0.4352758149109186
0.2650452218154218
0.2796926976784242
0.2991133274491296
0.24722649732873384
0.12554464096475604
0.37559540936990576
0.22181868588630468
0.1451255320444727
0.2932511676018801
0.35459793062168
0.3266095324721967
0.20289298557486535
0.3618886312322164
0.48317450102385207
0.45579408809172806
0.16354324063456263
0.11435163106403899
0.3726681672216622
0.13546155864950551
0.45045563578210956
0.22628386298900802
0.10781211509432179
0.41423307444101176
0.24578146326285696
0.297892885736564
0.24832575544421337
0.4592154315580652
0.20785433397295022
0.18167963684065214
0.45220424875654963
0.11400665226865003
0.4108735958413149
0.4623503764639397
0.20075969963514245
0.49733904777981464
0.36507664773593074
0.19266261209893754
0.28673748139165883
0.4447118739723769
0.43602858193741423
0.3524168624677979
0.24766048287095233
0.459044545689565
0.1944259530882556
0.40435803825489525
0.45471833559062047
0.24636050267661702
0.46512365528056965
0.23494714091710858
0.27338785509346586
0.27484635290187154
0.4334587021049504
0.31774942237622716
0.22796220912828088
0.41524402543445604
0.41076472459015523
0.37498654099702966
0.39589715164698036
0.2624412779595814
0.2538770666783571
0.46277386128121956
0.30218471915458955
0.1642540299612966
0.21568599292775278
0.4005372837385388
0.48679496932956656
0.22113861706820226
0.4768264379322661
0.34881942698771773
0.10743232154785153
0.29821078521589883
0.32158530836983135
0.37002201328001794
0.3333314128425646
0.15741059160384527
0.4040797952646985
0.4083463188503571
0.26000270872558273
0.11756981666498581
0.4090468058596245
0.31477236704597156
0.19682942751062638
0.24536211333365698
0.4619047717093334
0.1996223527529523
0.32140328303669174
0.13758990082934802
0.46666376851501257
0.18911810791687317
0.3696922190313795
0.23543046354778105
0.18927903544295155
0.3287964152362186
0.39328940729169226
0.3359658739377107
0.3706981753165989
0.2568644005441515
0.23636622241869165
0.2108598456100587
0.3305937770311751
0.11717464820906645
0.42306562026953687
0.2433988086925526
0.1478364893607155
0.1592258470762471
0.23369872710731357
0.24955774359162666
0.4798170176236842
0.3954587750227059
0.1231644064735824
0.12930909021656378
0.16453068572711707
0.3263185259365902
0.28630530440517443
0.2517405101684929
0.3693810958242073
0.1899010122024367
0.47468160275987925
0.2673721981822633
0.3972418650499393
0.3346712293287606
0.24170927988240629
0.175504449830025
0.47561426950011887
0.1921474129131333
0.3133610627053894
0.22982906316423035
0.1280569743909291
0.465494875491153
0.3348386602112204
0.1709403910350459
0.20357627804509393
0.2479595639441232
0.3123506520046234
0.21123741478057345
0.3207976657423577
0.22294173447047805
0.3158814709412068
0.33557042846580243
0.40867756250522536
0.3903962008633385
0.32367507549417296
0.3867792080231537
0.2274213915515002
0.2816906780929854
0.33440267894981546
0.25053210917263524
0.1426547842710842
0.29753653848204753
0.44112057422740014
0.3202711005838573
0.2683304340388002
0.35876622752685305
0.3128745899693296
0.3830114850070653
0.38217865025753806
0.21409199854898656
0.3630164512444455
0.19952959392370806
0.14579734157983207
0.4838728538217878
0.4188259180619194
0.18695418187869947
0.3125840196819099
0.15226064168711462
0.41803371298299885
0.140939918054031
0.12973924916584073
0.21959850540585363
0.10603309352210118
0.2674766512034613
0.32850800651762785
0.47481114297863103
0.3302230302536324
0.4047426354357879
0.19009854119045194
0.36394384309519445
0.2461843663785829
0.18493434736503592
0.46326153025843764
0.27150682855195024
0.17242550433103299
0.4452843768088022
0.2109817582501975
0.3805059581695559
0.18561065753006878
0.3428513139268553
0.45485595914345744
0.31715891936220597
0.21580615925579047
0.2478261469353775
0.24637246401205842
0.43889953230552337
0.40723032671636517
0.29257731025990696
0.2905340142771467
0.45449564751602967
0.32026564722241924
0.4754898857238804
0.3766354824805075
0.10802652305383438
0.1887665903159529
0.1278582641912107
0.10434265057083932
0.39474384997339695
0.2884416276954187
0.17203231770779076
0.2297090392062475
0.3020441035590871
0.22080350907445775
0.39222664927806816
0.3199181662181664
0.20272647324336213
0.3615997522309381
0.35725829266852116
0.43579475649249755
0.331437334507607
0.4980919240081516
0.14561860155988338
0.24065261586515152
0.1318690129525102
0.22060295903165042
0.22063083313424922
0.24434569355466032
0.45054816667989106
0.3354542323847175
0.3443159297445403
0.4454652574439807
0.40079676376234774
0.12882855332914486
0.3803217993698593
0.28844843234899864
0.32703595454442347
0.4534345786268452
0.39788398163667205
0.1527627579303928
0.3923206075839075
0.28238448113201337
0.34032604359326446
0.390894711354251
0.40819257879714654
0.30430057264002414
0.29418915959823144
0.3873788093768118
0.27382503670510017
0.17967213618354272
0.15226175920523877
0.24399536630995666
0.22820854346053554
0.15653987306875183
0.1531635307105242
0.41899430518571534
0.3815040530770323
0.40144060088610656
0.4699473035028835
0.3812065117660226
0.3500897278074746
0.38047068913261295
0.3496612585845166
0.4865014803327802
0.10192515290623733
0.42580571519641486
0.46718214424683346
0.2350203071725701
0.27757799657969906
0.139402291152045
0.1987525884656396
0.33264421411908
0.17790388940633864
0.33181877783903857
0.3579981612527433
0.24109772034195764
0.13582782310960534
0.3190555610955452
0.30364230716734686
0.2699933776920488
0.15170958482197916
0.22359708118787613
0.24496347205926794
0.43655311302507505
0.24849734104621657
0.21957235427045077
0.32091497865429863
0.14426293961711784
0.27705437275967426
0.11463746722534505
0.3745699168806469
0.2402739768063928
0.4342037797762687
0.4228289668486277
0.35816203923774104
0.13027268791558821
0.16841165318684262
0.2673356350237459
0.14053661556470476
0.25886744273233064
0.3733099780500173
0.34391222649976144
0.429493949699559
0.4944914814482392
0.4484571484779033
0.3880524578222413
0.1359793394571429
0.35861713103937254
0.23133063830393477
0.15754716240750657
0.11036614274163448
0.3624401663272485
0.34246088740039415
0.42891970599770335
0.1354630936250171
0.3063228630804814
0.4133857219798903
0.12583002367266363
0.467869209454265
0.35848555937960913
0.19374479597940228
0.19816612180276097
0.33322726677382997
0.11217223019784105
0.13480187239465646
0.42642428412228695
0.2682247456363913
0.39073086011712266
0.3018801166832675
0.39698489199788256
0.15040474752969143
0.18819026137762185
0.47038147481023207
0.41565679450681425
0.4422085363719689
0.13852356827690954
0.1663922315087735
0.2916203741254573
0.11891033691683206
0.4762354837126461
0.15382942992850768
0.41991032485834767
0.21221217510879484
0.46885680631450166
0.4156397009460845
0.36992082204381205
0.22039909950883124
0.17842320289399352
0.28754533534111687
0.3333178235626657
0.23809864580734597
0.44663869706589554
0.12164960171396869
0.4835133918913501
0.11738334144800518
0.1845132030230368
0.40233095067566016
0.21013932219412856
0.23270727766194046
0.2320015913980385
0.112427350106233
0.19882403851682873
0.13050655195969263
0.23552338454676047
0.30899273845689235
0.44319685508276563
0.44936389328104565
0.30449446268067215
0.12395312013627038
0.4335131215765373
0.23269819032884
0.1012170113528319
0.42096786991656343
0.10838170218536952
0.3840779378224398
0.42687536236807555
0.14826150973187088
0.3354347490633143
0.30761870185075424
0.18976922829831128
0.33262957258199155
0.3938462722372219
0.3959906029125727
0.38493029984052973
0.22722906093489634
0.314639150019276
0.1441770449486467
0.4819864501015926
0.2851561814389104
0.24768883860162025
0.15850873647303818
0.2384238829674825
0.40392149073253203
0.20206165513631935
0.2856609991876065
0.22380142074299414
0.2922022357517087
0.2614091998541658
0.36951120867497533
0.49798866076302706
0.19234975054146558
0.443191489598862
0.16810618340629074
0.11562784637568578
0.4939470011723601
0.26160347258763794
0.4316492058051208
0.4871395638579621
0.11360131365667092
0.3861040463761449
0.2197417651046779
0.2775425011722317
0.47237892332047027
0.22476501676326655
0.4317408407261343
0.32187466112261
0.32717606478812944
0.49083836565656114
0.19568338075765684
0.19594611873059364
0.4317377167926246
0.1583501151099343
0.4460905828581997
0.16394467728015322
0.34225242923246446
0.19849686998101454
0.1490385136004719
0.10502989247483914
0.359304669086554
0.4791569753890209
0.44911928858049766
0.4361778899570684
0.3879698987596386
0.33523150492962894
0.38187075108543966
0.20682265808073208
0.18446887655378097
0.33444232218787706
0.46359968954610997
0.15730678583492402
0.46302847924906987
0.2949718283700185
0.4793943753312533
0.14552815640801767
0.11602921706536269
0.158925369867829
0.3887022818854612
0.1867505483144631
0.4498338442998515
0.39710936421416887
0.2177484853859681
0.45662062833408323
0.26475869620577624
0.3481855125830649
0.20025365929154595
0.29456721581618905
0.38224128973653626
0.2952926497043798
0.31561696506174475
0.3458751051556438
0.2540492153303292
0.11397062211064078
0.3105008668238165
0.43279790007780605
0.15416265259654913
0.4222101456452688
0.24193881683464596
0.1466755152749634
0.38242428022496555
0.17570862622221456
0.11301446739046028
0.18809693204890576
0.46234242272577175
0.2505047693641212
0.10062057067965845
0.1408912766662608
0.1528816357638609
0.49894943718043594
0.4751829538342841
0.425617794706483
0.3490424078160268
0.3518698755038264
0.35151869714944817
0.12429455062526218
0.16193318891709835
0.3279889654692992
0.33895063131290826
0.3565210523295216
0.15088727476500222
0.4638403627546994
0.48264515685516607
0.4864221905713667
0.1942535389837733
0.21849418805485363
0.19087351059179572
0.24939756330758556
0.2991225657993398
0.20533239864127795
0.1879149763477771
0.11442102191331932
0.45465779909604676
0.15167802056852633
0.383103051374716
0.2527657956800061
0.40908772776516933
0.1746184704324071
0.4461193851959887
0.20420540817849658
0.17665814337945812
0.16654733055294896
0.3165751298193936
0.20384401267864868
0.18005490696921714
0.4364450524898409
0.14730690170026556
0.4041331834568104
0.1020706668939627
0.23029825832129727
0.2857856879941399
0.4919197790529152
0.10316386125851006
0.4842392064086617
0.4422483595643406
0.29134551047449897
0.27788543356289963
0.27914122657389245
0.4058927337991851
0.3564839151163811
0.24351966251365906
0.20340140621605518
0.2254697319983611
0.4266145402254403
0.37417412235092096
0.10660312028351285
0.41560681015859424
0.42592146634191796
0.2690029083565023
0.2673804904100355
0.27828287482665043
0.3763270880439934
0.34762438272956464
0.188624259512895
0.42660217633419484
0.26119962189106216
0.4125405901311142
0.3625823823110611
0.19670319894779045
0.1904924085434394
0.382485949327663
0.41505949852055846
0.4807566786125651
0.43481693931325505
0.14242305095439267
0.33795070851341213
0.48777504370890057
0.21878836871803933
0.3414202276273837
0.4753911746376497
0.49310272510563247
0.355257700129044
0.42004200573847605
0.30687922123335076
0.1782179192767746
0.16627403795836604
0.4948585277732982
0.31765193217346555
0.18859008201727995
0.10760189914475059
0.4731997174095782
0.49383895872319183
0.24696448870633048
0.13803641109254583
0.13290199500073585
0.3154893600129938
0.3163298045590577
0.43611363477625686
0.1020019076327666
0.376846609817727
0.31692370441940776
0.4697340800460169
0.20275281020591054
0.429985900739694
0.45722023469318884
0.45763305871431403
0.3323119861865761
0.31744566321689655
0.30527742121102186
0.27866839728685955
0.48774248785133945
0.4968419900992812
0.39765055343526157
0.17471503653659903
0.4486859965834957
0.3840388434625692
0.40304792800497813
0.16072788381448266
0.12266554001931676
0.45857373285101277
0.20089305694145665
0.40645801792357195
0.10634305734835406
0.45002497039891276
0.3172190041565953
0.3403504406036051
0.24682123458532865
0.4229193046804448
0.43683948973727027
0.2260902619093258
0.22712159563740558
0.32481039309066595
0.21542681036515485
0.31924822212657555
0.35567199015055073
0.3766510176332364
0.3572721175707101
0.11553366677746753
0.32566223131779015
0.47304409646104506
0.4900403394701093
0.15703863791183303
0.4758159181312772
0.4901237201929467
0.1399941524047907
0.1646231650165616
0.20181902364376297
0.33468921175773986
0.13017919246743498
0.49484073504848436
0.12558429589577846
0.3532345876591295
0.2609773887216885
0.4691263239786968
0.22267766766065433
0.4987751559561686
0.33623671623401097
0.11256633050123321
0.4853267824968216
0.23855511963845158
0.21647608117096606
0.4584548560453371
0.27158624561784117
0.31659350099839867
0.10793873325286639
0.27289774046900817
0.4966126422927556
0.32788639079062
0.2823886605675306
0.2791404749201567
0.2747191503173374
0.41006439364211555
0.4635287491565405
0.19958732713958294
0.20587709246032038
0.15749254752303568
0.10251272709429937
0.32973471651106123
0.3348000812407711
0.40336802365494806
0.11549760094552673
0.21748432525483602
0.3679981039342548
0.30740927081712466
0.38274613539250424
0.22186362880752408
0.2517439569694908
0.29833569105090607
0.27543099987697506
0.4615963139818614
0.3705316622546607
0.3568083471569221
0.4335151072866449
0.10616022255687772
0.27830887377437963
0.28345450528797095
0.19081614651137851
0.47682887242550054
0.2802270882936323
0.15127017966037767
0.27462183739075124
0.16804382076247593
0.33977264533318785
0.1612255979913383
0.3537084609504496
0.42296629677871656
0.34300370986926554
0.3488495946553526
0.35245860530111994
0.38888779464409695
0.41199470722759757
0.13920773125609232
0.3667113262774232
0.4619660417444561
0.27511210587134666
0.300656940381978
0.49959302620165547
0.20605462990685122
0.11132017710284302
0.11625644632291343
0.4668844677698901
0.3984536084516834
0.45330214554787795
0.31829314847577256
0.15329541061870314
0.3309937804728405
0.3153911846914906
0.4521277612276362
0.44386154001783884
0.18623792303035863
0.2211388926887098
0.11836171481386422
0.2958768795406883
0.3338304162675648
0.11206423942539567
0.3652979882918911
0.13467026742426322
0.1473414212157608
0.18580169726862633
0.2777731485580258
0.4431949691404521
0.263253185509397
0.2019985646692474
0.13429590507767367
0.17055307021485092
0.1412246181498638
0.34792340422089124
0.3008452662680666
0.44967864752305486
0.10029687697761674
0.2339755966853906
0.459060126654821
0.10349969369085908
0.18888881302735433
0.16025733198865175
0.1442316331177274
0.3262901790855741
0.10094729591439498
0.27706920971769333
0.14818404874045818
0.48390839198940605
0.4550520429595101
0.1051899750970887
0.48988122517653543
0.2379546706159268
0.47230671894682585
0.1432243006714214
0.43464747687447824
0.4479082204910593
0.14175625777144318
0.2865342052993828
0.3758220219037347
0.23096923515161683
0.23326518443693392
0.25611755600446673
0.28920578181668294
0.44149962684600896
0.14301412711610184
0.3039906691653851
0.1819147597416802
0.1915124897402624
0.23896086221593293
0.3059645424888606
0.2971414873578295
0.42246313585634787
0.34534912283239505
0.4685341437553395
0.34125948845705667
0.46310073161063103
0.3637362336872222
0.13758646958867538
0.3922112810164601
0.3570891849593356
0.381465871371225
0.3297378209274162
0.2599421517533574
0.17573596566403943
0.1326559396728737
0.45917880747112305
0.10604080499026605
0.2281617620726927
0.19778934099106188
0.4876604872292134
0.37916071788953876
0.4512925876146421
0.3970257264836846
0.1578759698691628
0.3242140719100135
0.4667695017722462
0.3779963785199151
0.10578858157726284
0.3544073698094853
0.21009981335198394
0.3966029480263893
0.3716872193922086
0.42856642260346867
0.1289695340451615
0.48023334757531344
0.1637811568124271
0.4537709105282258
0.29784158274579364
0.17363900978854507
0.10532338628163931
0.26461090003587917
0.4882007381643537
0.12242169014037724
0.10878985197162915
0.41758754750414306
0.12643248758263287
0.20515109162968376
0.44427594415791805
0.16133820228660373
0.17603672577842336
0.4671684851470187
0.1368256714561054
0.10896568573756871
0.15014967524416606
0.4942687259415165
0.155989751742686
0.2990267665051621
0.12522045498068046
0.42646880950790356
0.16068843449447492
0.32581329140291
0.14282026726995017
0.4342017495729351
0.16616788969595367
0.3967991806020682
0.1407180859275866
0.4547267772630955
0.2310145335729958
0.3057888613466101
0.49943100526390405
0.34450072132955306
0.497795801682127
0.40801315401966876
0.4434431125564099
0.3930949909535385
0.14934650783857117
0.30544067012851867
0.3759246201420313
0.1452829117623553
0.10827362495167754
0.20231898433357817
0.30779589792519935
0.4470099851529672
0.4406234227180633
0.21786996440151363
0.46400325822130994
0.17813521544545294
0.2624482453563194
0.4826114564669328
0.31842520807172414
0.22196032966291415
0.19265395678507635
0.4043704563385603
0.2306869259596842
0.17813739105949142
0.21844205212194875
0.11992569670212068
0.20898919728565787
0.1995962630036648
0.3201258324481885
0.1046804203624284
0.4658558047703296
0.2202424353878835
0.46546801282612493
0.38361137358836517
0.18046329534519412
0.2766096503477502
0.2634192178296969
0.2350429618544538
0.3950749785744101
0.25498786313901034
0.29548359131362745
0.2415356518050286
0.4547112769794842
0.4496112988269415
0.35358901903181517
0.2276005255171429
0.38261851262066593
0.3602858811212699
0.34636115247360044
0.2191566106291059
0.20311564778467442
0.4778523124199555
0.34767644901405437
0.43023449320308293
0.4674629762257314
0.3125149375679982
0.2511412146445569
0.2582396558549967
0.29046687222532064
0.11755496414054761
0.3394461940827727
0.29115467316527194
0.39485021521268415
0.20900644922290257
0.4411455383464683
0.20303441127416189
0.18081775485788434
0.45242346575825454
0.2963109418146326
0.1631344597639132
0.1660500681781512
0.4912033868354193
0.39005723469309284
0.48202501413034404
0.1313478258963786
0.3533957595299251
0.1778171547701224
0.28639241398580256
0.38450226298740664
0.18322716334271397
0.40770284731724593
0.4374857787858316
0.32779923033467445
0.47093885059365925
0.16154119137233036
0.4924611206166445
0.12522996332528963
0.41412483715630954
0.3833502532719083
0.10663909893165631
0.44361297205437966
0.20351305339875353
0.31863865884241666
0.3187129033228001
0.29233793366935534
0.2508344862999855
0.14336575196527201
0.2097357528836611
0.10109695046600607
0.16661213062012661
0.11076233535570008
0.11156082407885887
0.41953688608626905
0.12021802804565743
0.4252568332898672
0.4851261795206473
0.24559065702665617
0.13568741878718035
0.3334669567509949
0.4270520685697061
0.3229193519186856
0.46349722605746957
0.29449332046918225
0.3021085702247677
0.44972376722383467
0.35380253156860764
0.4012991095971131
0.2566707282349374
0.48328599398674765
0.4841251985647449
0.1726198048587512
0.20570001085012915
0.3952046689062242
0.387768140271777
0.20271319351680694
0.35486156334930297
0.1896072129423121
0.15492889619250502
0.4566358753534646
0.37751871898666667
0.17727671967706124
0.38668128875986596
0.36907890334546345
0.47618856542452925
0.46712282461644483
0.1877497078658894
0.4437611028552342
0.22503447879672553
0.4686159127388446
0.45111080712372387
0.4279513956334864
0.18981012116357948
0.22631736863163254
0.38217139691140645
0.11085943062463542
0.289949552111801
0.11408352035592295
0.3299974073489065
0.19847685956478645
0.12445320289925284
0.2888349488976302
0.4925652182583288
0.13797411328995454
0.1888077790611391
0.2555336112628689
0.22694699773358457
0.13224653688907068
0.3107244378858689
0.14357861986364548
0.14273460196674256
0.15219606651316198
0.2761653237553008
0.14934500780000393
0.2082282978804084
0.4778940348070446
0.4757678965864093
0.40926803016414803
0.2652579385277406
0.24095406888844628
0.29229476572982904
0.4312676202713236
0.3299139134347928
0.37614456472177604
0.3996075041089706
0.3533808190607287
0.19146630943039122
0.12837068141997965
0.42807239735044444
0.4472955281101033
0.17423846480225258
0.12655742119748728
0.49603542713968374
0.1627308831683191
0.33668828795783423
0.4041279883749257
0.13623709794591862
0.44393341144464094
0.4487966237212607
0.17646350081844983
0.11872467696003355
0.16713912075347728
0.13872804759177698
0.21904114828658605
0.14397530574141926
0.2898294296240769
0.1489295900446262
0.1752149152228468
0.44251664372684274
0.4591465124110321
0.26030997101072584
0.3455604700996885
0.2855232658779999
0.48116558757248007
0.48271636889271063
0.19886301876385262
0.20709596632408084
0.12000226603024014
0.4661993137006418
0.48087167931857155
0.2282959663261798
0.34568536724247545
0.45527894561908844
0.34649979438052925
0.4390345109525364
0.4962986917230391
0.36865657790431394
0.44797724185486676
0.4459727292339132
0.17672375784454017
0.14837174848831802
0.4458577246917187
0.22479557324577484
0.20029644596635712
0.17367818845933514
0.18179146507172783
0.30167218988847244
0.2610031570649556
0.3189180991058483
0.44755444406288736
0.4302431556404952
0.3113624008159677
0.349597095535378
0.23244638857910768
0.14873734893756752
0.40565768096008215
0.11107258264696723
0.3841899564617599
0.22250874745314986
0.4362054209723123
0.3848598767974397
0.21065954614803772
0.48038632482138355
0.2749388467363737
0.36344062827898704
0.4074803529961779
0.39833541901796365
0.3324054323692558
0.3107131983344117
0.4260826036310049
0.2539713650809363
0.23807408395085386
0.14730990341384947
0.1682767923897065
0.4826732208141802
0.16804926197659265
0.49350967016410896
0.21863416340481603
0.15601276302535774
0.17543085130732827
0.13987418528658768
0.14115426408659856
0.47851244514695035
0.3716851967332905
0.3340020697589055
0.1645936979029517
0.3597518159027139
0.18568469966790546
0.442820880163616
0.1655342119172059
0.4518549288654772
0.3452008784147945
0.3305502956316212
0.10581166016681452
0.31809568379225783
0.33732440014528997
0.2230916427321732
0.36049042929089914
0.2523647538629117
0.18019802220049483
0.18360567822526358
0.3300880578060122
0.4122561845595102
0.36681454941708536
0.19681038404259882
0.17051773666655173
