557.5138880145532
676.3754241280009
745.8129672601011
858.0964050762243
995.4210937136786
781.6371643819291
510.0485551730776
545.0698765789261
507.95237291693803
923.9212062969758
763.3527776859548
786.8338271784464
808.8607729984187
645.8496810940437
790.3493575534314
949.9217590037736
615.1456374435415
858.3039087016351
738.5548679533205
650.8484728880368
596.0993305733631
742.8930573673039
766.3675488119796
952.8103592823202
749.5141111246992
525.2577709527037
840.0177877743992
728.7152983988861
550.2530813527005
753.3119356120924
821.1463972132988
844.67612667878
569.82259596137
725.3178730936654
598.3537418337615
766.5784498125486
894.1599193379204
637.5058714386626
761.2059469848116
862.365577687794
572.8208938478358
888.383955715035
663.4740120198029
982.2095816147253
767.2248817741919
839.0016238711974
807.0674102565731
611.9321099268502
837.381074634739
977.0191999598089
975.663988628413
855.2534404651244
879.4855976001645
566.6790636572792
610.6754135946043
614.456832505986
972.7005264063098
932.8774554826188
951.4734450240867
984.5733556205273
844.1379006308887
938.0012675056307
900.7788791986447
906.4311059304694
872.4275740814707
834.6969266304977
989.933821709288
585.3501388200772
920.9222766923003
938.600085058751
913.734765332993
644.5037991045159
644.3338605549582
626.304385128332
940.2181827160769
631.9543705254564
536.7254470423409
762.9719520276517
841.5589483725576
861.2102920529544
778.8236541174801
731.3149976011914
717.0876641310882
584.7025046920704
895.4989308317372
882.9682586824977
899.7524662713415
798.7099006413887
771.6339518247876
841.7195877522089
915.5778684268903
790.0258835768028
947.1565938548783
596.2380549693205
888.0889451822313
688.5097480156053
766.9121114805952
793.066798260133
973.7192750038002
592.3186930730342
612.4152086522348
981.6757498748954
935.5183687624491
986.2807378242171
576.996006424042
515.519904062843
578.4274576585307
566.9375024459591
920.1030130579818
813.8855566937057
654.016742243201
817.2179609153486
572.3647548774136
742.7127184873194
898.9606841997743
710.8301470025667
612.2946785330591
864.3747951030639
635.9333850441658
563.5151155132518
775.5079679485916
916.2761212053194
836.8971320708258
714.2833605974366
853.0470898573981
673.3745587356827
841.7715607687793
933.6701103830223
723.0011676325555
897.2246881273861
947.934239603795
544.8119944464962
997.3785672973072
701.8239955584525
806.6030146348728
739.137625918424
974.8460674448154
995.6336456574156
668.459925152983
761.21556322274
906.0789013510638
636.8387898864235
723.0800984235096
992.5821829532122
624.3441125432818
788.7115991583175
858.5219585180096
539.5980485970957
623.1224700885979
858.7953091211673
524.3267603333015
705.8448310046404
679.5726973133873
607.2303520367514
575.1436054470405
947.0893036119895
854.3684087484748
542.1682584125474
832.5424636588785
926.3715803828353
643.3522252714582
814.9922823841844
505.89022761769826
749.8907811160275
504.10193563636074
538.7401327938528
949.9077045357867
850.7729207118132
777.9848396936994
830.426974150028
797.5488145736813
815.2122812252778
823.3964539081443
515.3536964087018
552.6357916989977
657.272161239283
683.7366575543831
680.9421729793855
873.7966568476538
537.6367372550628
833.9966912328132
614.4055119754435
935.5408049108432
964.0438520588735
661.3061371110671
814.205625421642
599.3796389745446
942.2165710551888
744.3897811623399
632.0902736934909
585.8020566945668
904.6288487531024
883.9230696281245
880.4301600443858
979.4238648234302
590.4686030337839
718.9680568840673
722.0049110233666
547.2816666683697
837.4321836117742
839.4235346776995
959.0578825341039
676.4512626349491
591.0043693956816
658.3959850340902
944.4317887577502
642.5914791922615
892.7465178504528
518.4297952022109
918.340610138448
784.3092919615051
591.088429095685
822.5195822164906
747.1356502920471
645.9272092731796
927.0026611376695
716.59032916139
583.7672574048732
906.6043522482075
514.5291130983576
796.7812595767675
638.4998815902425
734.0061491981352
584.3425098568243
559.1517306845902
835.4217466677503
891.3824630615078
802.7838442262959
609.2169666576588
817.5653166025011
889.0083007796402
617.3025790586743
799.3443340757918
846.226769195561
696.4072106833191
645.3158868995345
758.6077316145229
791.5678414601173
824.4383831162063
872.3208084856369
591.5192198608253
709.14820127664
877.9395868213628
614.7993616656249
549.4489921158842
915.2811647719775
557.0340673426148
501.8540443021761
885.3142191390112
565.4270590530127
821.8820564449851
827.3238847744146
646.4643632088477
699.7387328715384
974.1706884534203
905.0557933309774
680.0172613242141
743.657543897992
628.662708736209
995.940012997856
693.7677178340937
599.8625930700335
618.5810511527782
557.0661811250084
758.8391726016775
829.5338897802799
731.8796733586685
993.5490483029935
947.5874429234002
576.7091322438703
730.5629783764812
703.2917330443045
980.0908095845284
852.1018172352868
984.432297020817
684.045437739276
648.8090258938641
530.1903632371269
591.2984082298108
968.4734153488978
913.0514282156894
897.2927820676401
880.3171002103805
648.7141172936692
697.4360285413579
509.2761138756997
758.9526479879385
943.2271048375512
838.8990727788134
665.5485108692787
616.2587033763568
795.2740005315018
554.9899522481707
696.5068224540036
635.5217630639338
659.4530575446896
711.6179360689555
927.0349675178179
705.9411163287704
554.0089174364331
606.9726565517245
691.2530981039358
962.9056319360527
995.5991116550459
586.4819468195684
576.3258655227625
917.4614957927561
878.2435246713133
620.2530233452886
617.2590492199718
519.078312434526
938.4265664321508
629.9582909850827
837.0355896251026
773.6674857481322
741.5725008665845
653.4756199255467
761.0597238903174
788.9016498680824
881.2921362228262
855.6307469278834
568.8326268285261
667.8948586176841
924.2492844284673
827.8416174464085
629.5491541756074
900.7947918026011
956.5325944628498
604.9366453009372
875.9690615821582
907.7488876925075
556.3361546334702
892.4720077609179
680.6756759945561
550.4731952286751
516.1185939019916
999.2250144219612
694.0181742108998
700.8554431003457
731.4283033633938
922.5474157231656
856.6643321515331
756.5450725001763
507.2835422904937
659.5737127930092
684.6504798082882
935.6631896381798
575.3136220952083
923.6806114219157
935.547617455816
777.8740304929282
787.4774370089988
500.3530964640315
721.8555497078655
886.0759214862576
628.2132766210464
757.9833747101931
590.3816248557732
653.6270183191959
669.1932082637701
959.6676855368303
541.534844297411
962.1319781838018
578.4769388093525
667.7224710309356
556.3862123414598
913.3407038452964
934.7956940337926
717.0893410018211
849.0395083305075
870.266157726166
931.1925346124048
780.5056073074467
812.534784369675
614.0967857993427
738.9306510367248
533.6901334855443
971.2960686945897
594.192909681085
580.9112091959154
913.4494697286464
604.9081939377303
530.3424347668008
996.6676190067353
667.1220938903425
760.7644402676499
697.1714636789131
953.0637361471661
601.9934372322767
718.6629397772183
604.3489866951332
611.5349469832761
562.1737166279015
872.3816369576823
819.8531493205801
868.4413406411478
686.7229061137922
830.6614388042019
863.5462339352225
729.2644252245906
513.150414109929
967.535186218319
541.473802388061
528.1207679038538
609.8359375022021
852.3129540298482
981.1656761625
822.0721111402602
933.0686894409846
716.3181926552492
684.436436497148
786.3311223392179
536.7818510285392
520.5783743085154
568.6544644981736
695.6909169547596
842.25899510422
693.1681678719842
921.8538161877759
626.278292533408
586.3559519599946
633.899754573127
764.2114039510667
593.8997247027186
843.8069732413753
874.8021570994338
948.8502694482097
560.9824061991995
627.8686608179936
729.2540754967649
723.301097968152
879.2904968211337
984.5807969940356
977.4250128408385
677.275514208892
785.3216015981762
974.8866167496507
536.5981868617204
857.7125289977068
692.7239623965895
685.8301658506143
693.1509203185406
566.9347557602051
661.3094132178007
829.832987828864
921.515985048226
607.3779619747415
912.2609439778026
799.6986627102361
701.1164427803902
562.3857012833367
944.482670895989
644.4597730844972
827.6310622132182
938.8949646927936
568.953233176148
573.8250880082367
583.0933581347374
599.165509643772
817.6031256707961
905.527441808553
950.1924608764211
578.9183345439652
844.1779935856616
505.38749461113986
642.9079397340792
861.8343459968729
860.2771879079091
525.0635329916477
789.4988669568861
506.15789894362047
844.6011878433007
562.884074681423
881.294454685875
537.2650825058676
736.2693595094365
708.528729369354
658.059571961673
562.0904832260743
951.139416092165
799.9409397683542
549.8880848466954
573.8357724904156
839.9462980991136
862.9969582946111
684.432902407845
801.6230583408421
808.0998818366652
778.7419826587161
622.31640884742
933.8012799784944
873.4331832874657
571.1271554214755
945.9601932021268
905.1501809565907
638.5993833628354
564.7831779494176
831.4053196156553
882.5532561423636
955.4553739901024
898.2152068176456
648.6754946596325
741.3050998716401
705.6143549554497
960.9201555745553
777.1934004236967
823.4717045328632
615.3948698755863
947.4701641985946
535.6351748390658
956.3575876059801
986.5878302236965
570.9631502161957
904.3873050269569
906.463583398436
807.9785098129124
806.6760586574412
826.2666770663184
824.6218593329675
894.64656316595
542.5526692871158
767.4756056002884
684.7087247927495
595.6104153363426
884.5162249690807
947.3006342210067
876.8454160512564
762.6994510161245
759.6755024724989
924.146788825428
627.1401353910919
904.0896517445651
717.2124384716072
780.2005324372517
701.2205991930797
635.5304335568392
656.1784534686456
545.9591726072887
951.7672979114848
695.6550481292295
997.9245182756006
713.1224826543588
724.8407065652576
735.5245914576794
953.2891358011083
874.2694451481252
760.5739745356589
719.7994609433717
953.9065153647683
987.0233857931048
758.8900210066213
505.5167655421267
516.402462611295
821.1234608255608
669.835525363301
652.5659387627979
841.8433912521418
539.6013950437781
598.9846853872825
889.0177446818859
794.6830271983206
802.7611319071552
632.0720261618287
602.2872623109349
899.649504325803
846.6192551054231
772.6149921595741
774.5527797178647
832.7264150648697
891.0577543163838
767.3084537540067
946.6607535010344
943.2978454237422
938.6493670416128
832.3606895979415
660.2779041422277
908.6153837964459
712.26850961287
931.4275312619361
903.9477501396453
912.0620984123394
669.0196655769078
998.9751411833662
719.2627008891318
733.4449481437582
783.5564231555202
648.352609360053
968.5612585209064
525.2433206101115
920.2271929344199
933.0527591641214
729.3569220753577
976.932545028528
716.448011314242
817.9588610442198
967.3039682684109
513.8062979714746
731.1002008233284
873.457599626953
883.6079391990739
592.1987767896699
813.3722495796353
612.1416552128723
876.2159882468768
735.2288671125698
966.8687402498008
776.8749911745351
709.3049641242781
861.412888900361
873.8558898782588
500.35535767692215
799.9146501616258
634.6948957935813
542.9009581004958
762.7146978502843
983.6579229966054
862.1129410204303
956.8162063609437
574.9554132290093
987.3243975121211
584.8098750781114
740.2319592920761
737.8817132283099
691.8329245474172
671.0099579948486
600.6446921483658
798.877145779368
902.8840550948973
973.4399712161241
564.7768153904583
630.0515327665933
931.2051468241496
765.0830039360178
736.3415002745215
834.9125481237475
635.9094064090491
556.5146820538672
577.1976555073868
914.3037873899312
799.1477370785262
512.1240800891212
711.5165447842273
953.1316795078142
799.606680716293
684.8904170537439
922.1843314305859
771.4885174993885
680.3348693094499
755.4533690403936
721.7491258721601
960.6304370788339
725.6654047928315
937.330635723256
521.3095266261574
794.6815408186555
513.6787329012745
696.4633657174237
555.7508519083066
727.904069005517
652.1310328155596
809.3413724726543
943.3055606602111
610.4232361324437
688.553152585071
911.1776558207712
969.7837701844887
655.1711408956107
975.4226248083078
775.674718138707
809.4905963217061
503.9362249182132
912.7279462326838
811.7902945382614
967.417694673717
512.1013910808073
623.5549531469588
958.9267694442408
891.9559905593319
772.8245943423966
744.5486219685674
880.8045602522479
676.3146233844477
959.5744357985543
736.208628822493
719.1859963035382
810.7048771323823
698.0150445169105
535.9181803417313
667.0634262090149
643.4584187915536
697.8169785350638
725.4647341492611
518.1129056314686
891.3331857998029
808.7834638407495
866.1152669129892
881.0493597218765
781.2231245141134
788.1002588660886
596.8525996864072
965.3834261867762
866.6053166847967
734.6801629151622
908.4680520771763
767.5355514595572
977.1932816753956
580.3470295248158
996.0751029926264
663.4306363141213
772.5637181027603
560.994108396624
512.3556289326306
921.2542719908852
766.7682479297445
634.9252370438799
653.9444989006038
854.385674165982
793.766156828884
541.8553565461664
661.735081142705
695.8473285588067
909.4633094387452
713.3144949062988
823.8085856165291
738.5932436160442
815.6922552377755
818.1013407425851
981.4099788549252
753.1725496794675
811.712811386986
591.2985696080282
510.9802519357959
600.6061953687
744.8838671497269
922.3293776309733
804.4089961545201
507.74783694714944
670.589596394379
669.6862929902925
616.1442700489405
757.3276153126149
669.2564359558129
898.1588811723793
811.2340401264796
726.123590766377
982.3556037358976
788.2614197071962
874.5814777571698
986.2376315260817
951.0600650781394
773.947391522028
680.7717232597512
960.8999857606573
823.6711854130047
529.9321007773843
716.786746963782
522.7481279039994
979.4325314995451
738.7771686761057
963.7211445201083
661.0104235315804
729.371436519153
657.2641296779769
551.1837956765171
731.3893622364299
632.077545301157
754.047302237582
991.7736681643555
736.8385278567962
893.6820996166575
889.4966546363974
599.6550680897807
792.5033817740158
687.8698411957123
591.5446700182117
516.4703243365836
983.0924374917188
582.8587085743935
968.0923141936669
883.3734686317355
691.7078051422341
662.2137879181652
977.2121994615297
604.8023689041353
556.8363314470776
587.7796680811068
884.128927644096
887.8711444148528
549.9975699773938
895.3274169638721
537.3214791242837
885.5410251182939
911.527090759884
766.5765848982644
996.3557583963391
523.1794154774972
795.8693823480685
898.2407229571738
973.8187496582855
528.2117872936718
581.1694093062443
660.2621016061522
782.9454701946931
649.2865035704715
581.4211472331424
668.8752001203476
980.1528699920859
800.8377385083013
695.9306095212004
652.9715225055959
869.4221533032297
907.5482641604224
935.2174467286064
524.1350162237353
696.9688695385951
885.065733307613
584.4611886125313
799.8447297164373
714.9106872618006
920.5307410710534
790.9191492834643
545.2627182289295
988.2700492547615
794.6869088001922
842.7803600780012
547.560814251571
990.1281696116617
614.8180270053897
958.5299021294353
667.3660789508025
652.3594767431051
931.1152682717229
734.4233592244273
778.7946239978265
899.6176492741952
880.8873032665572
878.5879241351245
781.5934122603189
918.9860308787017
705.5884972905137
751.7378276477693
939.8766764620302
584.3179080164974
799.1787317639044
975.3385968441119
602.8487924525188
517.2214734373675
597.1185401414584
510.3351488732791
594.6857164045498
879.0443625805759
592.4139042903798
711.6295962309409
729.8348245063848
900.3559696436745
657.3701252086825
999.325695110745
651.6053696262329
563.5392122846308
660.0642481558492
821.2865939645455
976.4580400398642
616.9670085780815
845.6256657905146
614.7167914286588
806.5231162840885
788.8891731465451
629.333227425436
570.7110347596264
891.488989417905
895.3257768596969
546.0926207440119
633.5317108073745
854.4506044491364
934.7162547938044
604.0853809131147
540.6683424511069
950.3863263578733
756.1796881111595
828.577720847617
913.7883035696414
902.5455863039821
854.6931766208777
512.8591529815702
657.2842436196095
770.4617335871366
863.9288630093263
804.9614783739516
645.0373372874883
652.3353004217122
843.8471253357274
858.4326457725728
992.909489256619
679.5714023755614
806.2619328349259
743.2830489798099
785.9808017984556
664.2545799768949
751.3632121734437
932.9239473686457
718.8844429145652
639.6920119774627
954.4327312258698
807.3151155587461
685.2397234731864
855.8836197049752
781.9250841993921
859.8254252127789
527.5080778040546
692.3413799296931
702.1081260142687
823.3137928910119
858.1141633678322
939.6379452353501
534.745188538878
856.3700007693267
758.5834369305777
503.6864588679601
849.2429131652657
602.9869946040517
862.4743842207431
959.1859607211275
837.6236771692502
649.3803670526245
575.0204722348287
517.1762006822946
730.0927590298901
857.3490729449609
877.6165505898377
571.7049813495995
515.877677932856
708.1261556897118
807.6254899957542
606.8058710506716
779.4526450993694
688.0065336508668
792.6986512422018
553.9183093739356
607.13751533307
513.3265480044347
927.3943953328094
824.7962974843441
535.0980699043027
596.9280205661626
995.2249995229729
975.9821972852262
509.4420027552898
660.9777503129238
987.673118111502
625.60879222741
771.2490499195684
573.0281785000146
929.8262592634884
922.987064542716
913.7558390886256
876.4956083733458
678.0771763375112
649.7663606593826
715.9643359560619
840.9739840131454
584.8994343980813
906.1574387917219
657.9138473410253
658.7052481476603
662.4076761725804
790.0462569196393
563.7535005622522
571.3767146288812
515.1471594101041
522.1720452597743
861.3113216691804
829.5518501818697
564.542321560192
867.2159706051782
751.4135999712395
570.7451020841567
771.1398086493599
564.608348902859
906.7051508273269
525.2437273258795
559.5094766762048
501.67670628652576
725.9076297920944
688.8735905684393
877.4693883654236
665.2592548968905
610.965391787083
852.0148763219639
803.7693554519863
801.6504077602845
514.8850277804889
541.4188543097938
824.8846805665063
544.2544708925278
978.6420140680146
712.0910629684811
745.3283480905872
582.8730244688415
989.9575760726818
891.0728483605872
864.3672686381369
728.0734793426376
840.5419690416668
978.5470369265545
853.0507388872267
904.4160408127842
658.0633431367879
810.1350317333811
585.4045485643168
600.1154351360633
840.5865788367571
741.4687294368534
615.8799379849991
755.2412924895417
565.64019187627
793.4522185222872
826.3860095897494
505.5738496289788
840.1357842895795
617.7845939790059
987.4407364833903
913.2315349112262
955.2087422256429
858.6704821821063
578.1242762341377
542.6657618135619
979.8938830714908
544.848907949339
926.8134696568427
860.3212370428553
963.7885946528534
922.5352545628999
974.1594831343054
949.4000132500339
755.9728943542517
818.6852543053017
790.8128676463965
827.5895254322284
990.2967953018127
639.8000748258532
907.501607387875
701.2226421762414
835.9530096336921
706.4131725044932
820.7613895264246
560.2677177889202
508.6130352428055
564.8861498287401
981.0583261660395
639.1952404066499
641.6674383721474
840.0366589854891
889.1930935971895
612.776290648053
613.9313973345503
593.3310283261694
806.0124970100092
949.4421869187217
681.0111559126645
649.2282928230716
836.2879419555909
606.929136864762
625.7621504876067
873.2010977226707
513.4218632575942
702.1889409485262
993.7566062314158
810.7634466328432
898.0034066765606
697.8778513259565
565.8852116261779
696.073801940488
610.0706591374536
636.5440909583297
963.3784269917846
530.6901470157787
615.0666526504069
706.6858108479952
744.60789863617
678.5442480688382
772.0552249112634
603.6113190114023
888.6679268920959
765.3201470414393
847.9816038897488
744.8905175047198
746.890152906512
510.19674602271505
903.4773571322644
840.506384295049
738.8854266450769
551.1995236631695
507.0668407772695
586.5289465844401
547.7845825000326
976.8532922586401
535.2192512505063
513.6147407698979
709.6032769064055
756.7257108595554
722.3483899755632
910.6305686868907
739.6860698723469
624.6409456018863
969.970066702021
530.9612666798866
770.1198893483888
881.7270083687888
984.9301947578579
989.8881679179725
759.3247835701953
853.2031939865356
781.0290263725861
760.8428594523052
813.3487059607402
977.6050223030497
686.2507027862538
814.4718188650402
755.6627392215817
889.7587944347947
918.7105615411028
998.0489327788672
602.4272944008959
852.2062941089962
862.739243868002
628.8740694034677
938.2988955058947
504.0055237613221
829.9262622044738
756.305697077998
804.0406004636702
923.506133390832
534.3815626891917
539.0975409644442
669.7148172768784
924.5165844979397
793.6701148328136
729.3612654653442
694.37224087028
916.5403511076095
946.3732944943085
968.0897337663471
591.0293640289511
697.0020444932459
737.317396056022
824.2886630449627
793.8434418305814
597.2578503022551
555.4988212105063
768.6014773251284
815.3737680618781
994.0637224475107
920.7554694112674
874.7019333458015
924.8386356322405
542.6329700517286
919.6332665826277
991.7097219683035
775.582688349535
640.9845106297448
983.9203322423305
874.7306483281797
590.9677932820948
898.7035769589738
697.4928113204779
507.6950995576012
870.895515270066
956.8896654139145
911.3674644670682
602.2330613826148
892.0240161507963
522.3310149767366
894.011357300786
668.3501322306286
626.0792562235968
823.6047772829061
725.9853139239218
547.9830810145338
878.4538884122042
988.3105491179704
929.031397770694
977.4902592690125
808.9431404920467
755.9635404988409
803.5444003781827
501.0388072498898
719.176254653313
673.7173012276594
742.9508429925606
877.8373180181181
719.1119832559814
729.3297581112365
500.02561697605563
874.6838741392163
875.8937710284918
874.0248365179864
610.9184815435793
912.6271172974479
570.371581371222
507.02975128610547
928.5876539378373
876.0736409172698
785.2241397315017
773.1846171752786
569.0006245860116
613.9002105603425
992.5592046362367
816.4701430799628
774.9154977526666
592.5753253634736
723.0319529887224
981.0166320245677
808.0492795174132
818.7507002753798
846.538689195765
946.1730713787694
745.5334024227836
605.1822477191306
833.4313735598697
831.4966339848148
636.371992126765
560.222964499552
732.0539302156851
865.5671167815874
910.1871571813848
728.4593177092346
968.4372538477869
800.9481561309433
659.3489592817721
513.6759449864229
609.3825508698931
953.4329669045105
949.5364345969879
692.7168652299719
636.5091355655289
909.9990659628816
511.34977126725795
590.7323883668098
565.5734295419159
950.8890071752614
598.2979865652504
680.1964625699611
820.9491417746278
844.5738928790288
636.1122117118639
572.0606989542198
615.2623806915324
523.9714211360279
951.0857851125393
629.9020294675961
735.10346778147
660.3627957363403
999.2822821004535
607.3391952313768
587.7026580901464
829.4518612579141
592.745056275491
678.0006393053291
964.6292896656712
687.0058818237226
631.8319737826313
924.0361716966086
761.5946779777801
949.7495543298384
824.7019237071968
860.3951102445744
968.3299764621764
797.389365951592
581.5028396762513
749.1730871924906
505.42705738217285
619.515840938537
920.2735710035358
542.1860333596632
974.2562510738164
519.5254908002224
704.4346740121616
660.2802686312018
582.1231594580092
951.9286402381995
950.8575680962069
563.7380619986094
651.6801917497676
654.6423664031716
779.393121275224
788.383059520238
938.5027727379597
719.5436029474524
722.1424502211922
709.0340014786342
863.7750360748294
762.7099510971389
978.7719461679101
903.6817673044641
531.1770844194423
519.0613444003861
536.9162534092533
975.4990174755787
806.7690893353748
945.4893791528237
694.9890893748538
891.9569290601169
897.7244763789947
624.5225578565143
573.009280841768
956.2772342919279
574.4350293118575
975.558838403616
665.9483257273998
736.2477355048433
783.1542899740582
637.3423474869255
872.8888436226625
970.1370537505395
828.0181296525793
505.06265678064887
809.5447394235379
726.3021372825017
987.2661881723393
663.9040746827444
590.5632730740084
658.2704494106331
807.7987719020889
707.2791854212901
999.8204149008395
660.4829421607059
705.813774301356
690.8941099404082
664.3543454950193
603.6922494828584
531.6433973970363
765.4628105940183
870.8840183540945
501.24430940037564
906.4847289212648
648.3913356743271
691.3478819936415
976.3316013820156
531.9961564978083
805.6763015451463
513.9724932351661
646.7834084866929
964.4614780696315
674.8529262775999
929.6040807893256
712.6419451696869
627.7780975606267
745.2412509560864
916.628304158871
880.1505197545592
924.3185077471853
894.2016557860286
591.7121402288587
982.8005339018746
509.6312794067673
717.5683910407429
743.1405932614756
937.890772906678
543.5658958812681
942.0206004462422
901.1997380821977
753.301093483061
800.1635753207304
860.0276194464733
823.4148978871087
914.4120429437922
954.9227383051851
695.6639619546373
834.4728286474556
649.6282107974423
705.4286704499219
969.8435083518422
853.6900860363799
833.3193025515569
959.4664510335657
723.1423648232883
866.0323819336122
527.8609438620339
599.1475172653264
991.2282032995361
900.223317281317
897.4260722364129
848.6414249880886
626.5844216839571
653.6348268139936
881.9286505138564
563.7814992713483
596.3016364149996
691.5873940605212
667.4377305310903
689.8237742385202
997.8972258163392
889.9717541573193
887.7448443864739
860.5156662360127
578.7136086499139
557.9079743545291
884.180931810273
652.9674739566284
980.5739386309572
905.2422889383286
871.230775277879
878.6856038275722
950.8224488281946
684.874575486132
813.8133480327454
782.4215303447078
726.4689693442853
845.6373157621728
822.3064942582732
975.7111461440306
589.442382486636
809.5644572051876
826.7250420512128
593.8486397794585
504.5190554349783
591.6968162253545
663.419747504392
958.7341677526671
896.6724390777575
509.2293761431308
919.4642541744267
830.8271731273362
921.3909269574465
694.7966949215058
869.5679216598355
660.3214782274543
730.4209027863596
907.481048690112
956.5551918167123
885.1753427128244
830.6201335592875
804.9270662920695
822.1460255989145
847.4691334949503
827.338203847339
580.6575445783462
875.9998888535254
548.279810862438
512.644713653968
995.3406782611399
683.3839336875205
990.6733834001438
950.258135624415
783.2461416859772
830.149615169929
561.9606147929424
709.535448902019
556.7981441631908
527.2559518615866
545.674960008171
968.8101320258495
682.644156543158
770.9598607145683
724.7730549567011
916.839079411028
984.20764621043
694.5614106691401
876.0168954599658
886.8988869629245
702.8512239081865
862.341557301651
828.5676768331052
927.9505079619594
994.4819904059448
636.843724459677
787.1963332227024
655.6522278110652
781.3646422626432
972.4964694153379
550.5180419611225
560.7257194717419
785.4665421053994
896.1227083586845
955.821154590892
810.8206340768005
700.8036289102314
697.7240967739004
795.5994430857552
638.6151203954196
976.0357591590764
571.3501343886921
647.0525121198523
836.1009710221404
895.5112961885018
984.4852642935064
621.8086264366116
598.9349510166642
704.3324944364758
712.7858035423244
541.5020814913955
984.575545339899
581.1024689683093
682.0856918250204
750.3029680955857
702.2053460799226
867.5437044809394
836.0202584497868
762.749379921415
518.706619556686
529.5380939993969
827.1550014227887
577.3182455464303
651.2833946935787
610.1310054982044
835.5628359386288
685.4850109556805
972.524554341786
665.5548736807664
553.533988832073
726.2288871177
700.1214236460125
522.7247752221912
705.7209586067708
855.4495592075551
537.4865189350918
526.6846625637176
851.3616037533108
572.4703785063424
677.4957268620121
826.4088084810098
535.1764913466084
943.3296575401785
699.7223752753735
963.8354941145135
642.714095959151
576.6555805844903
563.9045457298228
967.903757951562
554.3656054639325
892.1550123604391
514.8745340874179
782.7193612070557
507.88064943791136
520.1625336532142
961.3526683331017
903.4755666450081
681.0860842087295
686.1525570119086
952.4955309773793
996.9431935743035
837.3965590097548
549.5428401667741
572.6435431827821
805.941419493201
761.2532669180555
564.0298139771211
687.5754208204357
578.8945054842237
691.470907607688
970.539203652552
781.8022590756384
790.5919615758597
984.15605839309
504.89476177645406
881.9778480468391
683.0699663212124
558.454146368094
707.3132019413044
934.6725164323709
510.7546670819744
649.4702553065823
518.6038577865091
782.3497104180406
532.3694779831491
881.7396758848929
605.3488915325372
574.5601226115067
795.6825540820284
913.5241972747924
702.5168554681948
826.7386140750909
564.622129825755
617.0790370193472
717.5300589451501
861.3525328285638
538.3551809610635
507.8407622766804
749.4753277777581
634.1867172528691
660.6466301427174
956.2843672701865
863.6023881323015
842.3506574640496
586.1628957048205
700.1595852607261
564.7102057008461
701.1891359071044
824.6163933584928
650.5855962568496
800.2251075105385
945.5023560785055
694.8199067055768
639.9275442067391
534.1258122538183
670.645070926947
788.2494010561645
702.651711730326
984.9090375648832
726.8345398134211
964.3370886644159
753.608186287031
697.9192709539385
904.7698054238951
867.2089359542697
677.7854132756867
945.0272919505805
599.6261664472102
530.686563105935
610.621906229486
743.9189696639635
627.136115726471
836.7155818117643
634.4808895882168
847.712090547589
733.6928702016796
899.1847184791168
698.8764911247998
622.9968995066031
545.9531095044977
945.5632587616344
502.37414168875813
875.8686959162094
537.0830873136542
677.0265255892791
559.8560104085124
795.468959847447
899.474311663286
669.4716325791375
624.6395832332585
529.5076754612228
844.4269019792644
718.3361824946334
948.4178525363277
562.0105307865309
975.3557438566705
720.1705695108703
502.3939882474388
874.8752249036281
884.1085671035216
760.7476975977261
983.5370603061939
604.6149083910333
670.9625445053256
795.7722582857854
860.2267245858785
569.1386462392832
576.6076329263961
776.1588815064365
573.7422433032041
871.110615215503
541.9823442116045
773.8823282897054
787.8928562648189
922.0659434152676
737.1064787853159
763.0303781691091
816.825168643545
702.5015482592066
832.4076657967544
909.3582087487919
839.0308226559421
631.128778247985
751.1792268922775
748.4908883206806
888.0355105991341
883.740377377349
977.8600673722013
540.0541761854464
520.8468348214569
647.6145679474691
987.5288181386982
610.8652626528443
612.3893089400101
792.3294064317231
833.4990770236361
897.6307290848781
772.8440070253776
668.4153289892186
925.86541822542
720.2550324590266
576.9599481023923
545.4450994490945
711.2407559032611
666.9134681918799
563.4892170030897
999.7927124157295
560.1994519656301
591.7845590358876
820.757219209258
634.7399864170222
531.2249588591216
837.0402823243207
820.2490837702915
665.6114772374071
953.5996744969154
847.461602826507
750.1600385140584
805.3204702737899
731.9145024451941
710.8398041217085
736.6442524247583
569.0163507286843
865.7455129584669
993.6052799814441
927.2109361484503
765.2180311178851
549.5260562925995
696.1699308332857
809.9179075227119
899.0166334688066
537.2174269083785
810.2633250196598
591.7348554925682
914.9373227649328
872.3777333054637
602.9062440643725
885.5128923895138
746.9713122848465
597.5733390892271
904.9142071380736
968.6370595555244
923.8548212496983
870.1640567125899
978.1509530182198
970.6469147688163
778.7049702105255
998.1456439508145
982.5424976677352
783.5081374371862
735.3693249139448
932.1014080580964
779.7478912872433
911.5795078013508
980.701606691862
860.7273750168074
763.0878173024323
766.3882616821252
701.7338054647576
957.2570168840745
923.8134412944303
976.2997770546247
688.6187094799473
842.0843783104182
523.9663817951143
741.3841919424839
674.8920349337409
914.198508066104
990.5890539145867
559.6767266247124
905.332796480089
630.2444064458582
803.7610999507295
739.5749612277255
931.3938424616658
772.6067017730995
845.2619193000767
747.335691979893
788.089619213649
806.2809732022149
587.0247892171286
839.3243421774403
819.9208191357252
522.9998025683255
941.8820455283701
815.5128343244821
994.1620273398698
543.7436889327124
709.4621054249218
518.9868208352798
993.3457399984935
940.7962975366968
701.8212343685531
854.1495838810941
878.4269185013247
638.9156142567846
892.3962287383163
990.5576183410402
726.6631391201445
778.4179474770963
600.7844467147644
521.7196847168832
782.7925847245513
918.028793425691
575.4504599300186
755.4789182096177
553.9264060413902
584.2611567768082
799.4155214431368
937.3133289028518
998.5817583741155
635.6816757157101
680.7698011898674
807.8766880889526
762.3913044165379
911.6590015570969
600.8236041122917
656.9877708367129
988.4257097993277
819.0465799302488
835.0026597300052
598.8194739364898
724.1003225244676
767.4506955302415
893.5227993335765
839.2097319888414
516.07394451432
912.4769932371382
823.0143625264866
978.3395377422195
719.9547978986745
883.1173770773221
684.129014309991
659.2084667523401
640.8056417204657
813.6342786948017
504.87956653258516
856.0465032662091
612.0387015164566
932.417739871719
963.3958669563357
740.1156935566804
891.6648108801885
920.1278149570185
970.7907915330959
543.7297849010539
639.2141052808412
820.6048007731795
562.7361746336155
622.7518531347805
794.167823221698
685.1653832461639
680.0639743036719
610.262058459418
889.2574368568041
617.0568574609604
816.835556981182
582.7326629785816
889.1414775027035
982.2758927513385
742.6134686044102
577.5029788031984
984.3682758621417
975.9125380504939
580.3380122591605
915.5895276390834
683.4581352570858
851.1088602739128
887.6620198343869
588.8767270883857
732.8018557067631
732.9583031322312
827.8686947241066
597.9993145391336
756.3266502590519
984.1298359651078
635.4237285869112
896.1322295463362
796.0164770480934
739.4348510289975
678.2681146192668
748.4453460389711
682.0947732042484
834.9768709718554
600.5277880407904
783.2675878535161
783.3200964506239
864.5465329463455
880.1966760468454
954.0454604263396
855.6638715891029
769.9548908662204
543.7316412984516
806.6700887961101
537.7703859853822
979.6927326336004
660.8692720460815
635.3572230938076
679.4255943095251
508.7566212389536
615.2563273701912
848.7471087794138
697.9065633481996
810.334213773886
745.8662364733747
877.0248540501409
986.737538442612
824.2264551668259
910.6507259151655
547.7433916364711
683.6171485910136
942.2332319577074
704.3762432474268
962.4298490947184
870.4014607656336
914.7831563958946
620.1402839243858
893.868457325633
982.7177960252793
945.83303727942
822.2708575422412
830.7822524604817
839.94411446144
693.3304536471164
596.966928121767
563.9098761916425
927.8552823651024
894.6994260607747
574.5893432416672
977.5471548805461
654.7786557009741
716.0735622767269
651.0570426609634
695.2733855197475
605.17591917503
956.1444650855029
867.9053384931244
524.9053289126646
571.9156749699758
811.6089805434128
985.9195444540582
502.8784815678867
554.0347765220959
860.4099461996044
972.3677295864252
888.2116598927973
620.9915245934129
993.6664755380198
624.7132247170864
671.1218508075236
776.8885647083164
984.0514011970765
503.8664426070982
976.0902511162058
946.875408258885
651.4085618456327
557.5817751794624
822.77514877886
548.473405559688
810.6878461859674
894.5756691800364
605.5312082497422
878.4929504496629
953.408648294002
964.3975514368601
924.6335363312955
553.7024185788807
885.0384529220049
907.8223379689173
551.9475563651225
981.3076707838025
828.8675422196573
642.5542595469312
916.2854293177933
774.4459582967809
997.5641114040337
770.0353456808784
642.1843973000452
651.0466047896379
588.2772875337556
775.4144754302458
666.3095029556771
913.1656707714767
761.288764247055
653.9566120641882
665.8653094232161
768.8448180348473
519.2394847470784
715.1079151216302
759.7065920408781
515.7181227080652
882.6823743157429
911.5821740719746
659.0589468166451
544.3743544664236
616.9669226660742
859.0362807806114
704.7898224750085
881.2758429627668
646.8005752337831
944.1642505601299
566.0874015745283
521.5650731109095
813.5121149058901
717.1416195573146
622.6465878728424
794.059122759307
818.7207568656412
601.7243952448239
940.8725791290403
624.3153708516771
860.3757000462911
836.408768685952
712.0601539223871
914.5430713440925
831.2994716586593
620.2750501107347
910.596367515797
647.9800440040094
716.7534503453188
587.6879043805043
654.2093923232509
770.08127705825
860.5336234314661
870.3923133665776
684.4287521751447
595.3700446922562
609.2448553307588
694.7210948564588
505.6110260092953
884.788461094887
642.2401408617676
575.6645905002295
604.6201108241653
831.0308260402157
998.5487532381746
699.5988067145779
702.070070552211
523.2831812782207
756.4178310604932
975.2731024235006
693.554990296317
916.1276883331757
877.2750427000369
873.8150030042948
526.9129205280711
667.5436804936002
848.3781344063361
861.8886246713919
506.6424248600942
913.8140961124966
710.5807698460062
633.9186335382609
781.2340610047595
868.5262004079864
802.3601619176393
742.166191870222
623.2788313211847
901.0506260433182
601.4961795468383
700.9717920747026
633.6532527126312
553.0441951506834
959.5505184242674
702.4113094720963
506.04191563226203
611.0600279206355
692.1699032373887
948.3716281333118
902.2105854850663
832.6939155401449
846.4748682115383
800.3858459832281
561.5369077699254
876.4390827557224
756.6693391994228
665.7771321426279
637.0181442660755
779.7105931534853
530.947962635294
553.9143743437846
569.828878259974
833.2539009376469
986.000195971263
870.4723614129748
754.8542160065166
734.9355282380191
941.1600410426704
920.3307525067394
803.6341388115472
774.7422184470486
987.0427601950889
557.9801687090362
608.3522572272392
855.403917174295
699.1495715416393
861.8627460059593
822.2470582551314
776.5655657323987
848.0368617694467
993.6072935713655
988.5782423628401
529.32188089451
583.3677406118544
814.326717861547
934.3456433999056
754.3427097006975
558.6191335760772
851.1406915344934
748.7262093553844
788.8468593912487
574.3363208667257
762.9514100827298
697.247603228506
643.6145506485111
930.3316896789196
566.8318619418283
957.2899068789053
869.8160543570402
776.6439905821337
850.903064992304
602.6577647887343
706.6064461218542
687.2039908470069
567.6617144660636
807.6329965551357
855.244800347627
752.5933771431944
699.4608144144702
598.138624736793
810.0904297572813
929.0665259502788
630.8152219360431
793.8000782380666
637.9091109010233
993.9936981047654
541.0748106470418
706.521310454076
818.615656693978
774.2669041168616
769.0912912514627
628.3620215199061
988.1620012820117
973.1732737221473
883.6538997988747
889.5117859387069
585.0943179826214
957.7070767178186
541.3750346166352
924.2202690286953
534.4731688008011
568.1025274176616
797.7276897705665
990.2459303478104
952.2612728370568
512.2397513292065
782.9598344751964
802.1825711471631
578.9492798732334
731.6661429470233
670.4779995828543
941.4964446562607
587.5307383560811
667.2954524553606
988.3578428936585
621.5786889914094
847.099775192126
897.5870080809848
930.6023052533056
786.2517344516614
720.3715285729744
527.6217017481399
708.4600075435907
747.12756829043
862.9320188797948
744.2553924624438
982.9764093067943
524.3116737842034
558.9067447883781
676.0066135043305
682.5155150266744
645.648766444403
705.0757076836724
954.8231175599481
540.7316207626844
945.7196071571905
870.4901257785677
693.3857175644097
868.0776317796938
907.54429243273
547.7993751838242
798.9117709558786
610.939048653647
949.0615616503235
815.4004412726069
952.8800081624479
989.48768551539
795.6445442830334
971.9511909694575
799.4535946997856
699.2997692869197
802.0236869225153
929.7890205017734
514.005051285657
924.598661089994
911.5318417620449
584.2975859342869
942.2780206940457
981.4650069263203
740.9298052151019
822.2348456346169
547.9732225857043
907.4054636950509
560.3768502878431
818.2884180583571
937.8304392439345
916.9834200510014
674.393200538549
950.77397352467
842.1641133160981
630.4980874424728
666.6768323748199
581.2197146015765
966.4566435944723
984.8052356409328
927.3533435866902
614.0721069697801
943.3581815374839
708.8203201825922
577.9115998402847
880.768375799885
770.7327126565708
988.8354471914195
526.5342347179441
982.7057704448853
578.7970932696178
852.1451910656539
561.7174021424951
802.5033116479822
609.727220492094
701.5815929604946
724.2713064003192
515.3523613030845
595.9048295194256
853.7713896880547
966.0376244047923
668.3828879173759
724.6776846528085
501.68236890357116
671.535857096616
822.402096114086
885.3173816893207
622.5299048980426
818.684610055324
782.3778100716188
838.7334936537754
960.0665159505204
865.194274362075
616.4404873123103
952.5656465795398
914.845674030939
650.8350437360006
929.734458993581
570.2185353199113
654.1171011815918
780.0060988719149
761.0535708468924
590.240615042103
945.6211605442275
525.308526713897
954.1995237687493
835.6380276304119
909.6606245673827
939.0959054643187
762.2361144465239
674.045302578382
713.1650665094635
940.428458695977
709.8908035071975
975.4722010329303
525.7257204805521
578.3931089572806
579.6352284182674
837.9380356030267
848.2035046641
954.0004225308828
587.2040372277067
616.7713165345292
824.231058540422
989.4035381119336
691.4901411624426
935.0394081286597
629.7020769104834
900.0804950683105
854.1748838144051
754.2410624967949
598.7836260381583
637.4081367699014
996.7940807338982
973.8335451690165
811.7639995499585
965.8746670143578
654.2660913578751
789.7037038543423
505.4675427678236
635.0808947486089
804.0989903286586
522.3323651108941
626.3053927647586
936.4131268077522
533.6909808263877
661.4066393258978
519.6005325763471
638.4064399557941
620.5492519255746
850.998753361784
835.5504396875847
625.5532773116065
892.2529773314045
682.6465623265224
989.7852717766125
563.3454076541416
648.0632095598356
669.7719523813654
775.7625914847933
530.2852589869397
500.8984539892646
861.4776517070175
687.9150031022193
663.4137116162708
510.5242653191367
511.44748394890865
721.1541604855404
923.2054970612189
989.0773010532453
902.909120213903
724.4630891261262
836.6863218574917
645.3050718658359
694.428660999262
893.1147940088553
858.3090820688416
778.8349116690881
651.8660610915035
570.4396195698253
892.4633611098604
617.267056491963
514.2714272575581
587.2109344266316
892.2612959058131
766.7894284424223
775.9919040034503
658.2957754672607
671.6460340250559
908.7798188943375
677.4709952977619
852.2320681020525
994.6424827052564
682.4305566062122
695.9804595142557
694.1501420959988
776.20403188455
573.694535162895
620.0431825597855
912.8409054648091
722.1745520125673
855.714456859386
901.7173033486943
989.4944522190623
953.7006912041859
995.3599083160473
816.3205330848
878.1931866073065
625.9382939945483
516.1373200714739
677.9508497307543
669.7020746574404
695.708507121384
512.2020824032976
590.6742031467985
972.0061316183794
801.7856181920769
577.346524832881
963.6871480786469
666.1048205570762
969.0842006534347
943.977168340676
911.7992804740851
600.5976938260353
993.8286546613542
576.4134013231758
767.4643280565294
695.2574819340681
508.9987781983128
764.557679456901
781.7525381004817
587.3008688472632
567.8698364685961
645.1532145553031
865.8072165795529
626.8168610340448
569.6537613494501
569.9016801131445
829.3660835365283
902.6952811840099
621.2001145085953
706.3910042958834
631.621874702057
984.4945509445529
933.4245504058285
977.2947188506123
908.0008387280252
701.4212228691831
935.9974518010151
532.1517899256928
898.7327287276031
949.5084376097743
674.2373914205106
557.7150297659906
978.4918896913134
829.5336953679916
900.218255418252
759.3632051149318
545.3526239692201
935.380411943059
972.9470212936947
581.6867474289801
735.297122388256
600.3006116762289
882.4623793003248
789.3796049686171
891.1949805914307
770.7729191830533
906.4870135243398
890.5975430245267
634.3873302067943
522.7643740061375
643.1412182416857
668.6941368080433
672.2554474990527
574.4936852802183
659.2089145941362
798.1195511852065
657.191215579162
880.6030602062551
857.3793951919431
756.019429572742
568.0657016442309
833.7687806801516
871.5729393085753
753.8834194000736
636.4942388832487
748.6362787294687
850.1538441723239
947.7531739377225
889.7246127297168
571.8271556406888
641.3879528911846
520.9221566184444
572.2456047873989
877.6413480233989
591.9816975203283
920.4854184798312
895.6731393486477
787.9274865421737
881.6937240388825
911.8010697284982
851.7312617711575
948.9673137605805
800.8798730426747
733.573895722358
658.8311415902982
699.2752094646155
905.2720715762614
687.519772633954
914.1433118693608
543.5343853162158
677.6299249408879
860.4090231638276
963.3987287436985
950.499808425285
703.3606130638443
700.983035331424
904.8330931475987
924.1383232945252
621.5737069995233
840.9747642859676
569.9442222648916
778.206967569191
517.9871769666128
716.4597799535334
709.9041006170547
788.1628127643805
665.9631671144716
878.285471801172
629.8665482891187
965.0229139127368
569.9808190140184
739.9226579669994
655.8541502747337
928.1675330465905
501.0706048811236
935.1275286533423
888.7999956140866
879.1110891189069
631.9270454349839
870.8346125344397
757.1917343169783
653.1371531288437
960.0632643520196
763.2284736451954
836.9750690079475
859.7681008238702
643.8523707993462
531.843749408592
529.6342018390878
630.1603844818445
526.2767068474893
581.2683794732425
695.977672147711
531.0024818602437
811.0355134402595
624.1914640891196
569.2383955435929
713.7668520910355
894.0595198823758
791.5870945147566
842.9546626881884
967.5154489494686
694.0505621438815
735.7212148230376
942.0399840169421
644.4342727865115
706.5884429594204
860.526746244783
882.8611954059043
784.2534240608658
521.6126302252503
667.9507447485921
865.7263734877671
740.3215134420665
708.3792292795857
964.4029288306544
877.7245563226822
556.755673760502
607.1536416736435
988.5243869758497
893.0930560900115
881.0859635116955
995.8244143346463
857.6685850687154
975.741066922159
662.5022710662947
677.2129824795221
570.9570492017638
643.6122951116736
888.862966030187
947.3047169527931
707.4548363206322
730.7285661349947
568.8444057675146
581.7315435381676
653.1984284594778
874.1400003158784
525.6619504817963
823.3644369540856
577.9319185534496
708.1979719552254
651.1427560969744
947.0429239996545
984.8107540142927
711.6091714458029
605.4468311471321
596.5404097843009
725.6071023003262
847.3493190352133
600.6987981061711
639.5057228331686
573.373987958403
540.0917544028648
544.0483488423291
916.1428528610879
928.549322747319
739.9863267298921
663.7273571983453
560.5994254067945
839.9886474993672
924.6573192507783
925.2351640069501
584.6193818125641
611.8913597633222
603.0273193392673
818.9484342532892
939.6112437144984
836.2173819692267
556.4828567252079
746.4724637457601
845.2818638118729
621.4808641725272
694.6798771065444
541.3008240446666
877.1163872161424
755.5388240085063
769.1900273543691
662.4081801971307
530.0657096751772
859.4960261439358
762.12128995384
755.714033447053
890.1322159099163
804.338053097478
555.2778317675708
930.7531938891809
624.5560764679212
926.1175718750301
817.1077253718688
894.2338466972046
654.3107085818173
788.8036132537666
715.7172017650194
798.4958374698856
696.0087879156202
503.08400454694697
615.373564342054
889.2344511099666
594.2290957385615
962.6090229086656
719.4005613161736
839.981339750268
505.36850521057454
747.3499125326722
983.1803220584371
779.9633975390193
572.7087483087414
868.4573049270743
561.4715788447902
515.1041480127514
728.8611570885981
801.6486438733948
684.4949967277053
543.9278415378085
668.6237873510598
889.9719940778967
598.1072037357713
843.5152797332269
754.9094137409664
940.8969158900559
529.1072276395216
714.0761126900807
560.3584280688716
991.7756008873599
594.6407990388082
641.8076644613149
537.7792213256279
943.9540758049691
760.7122459032703
718.1005834877054
525.8989222837426
735.0363026447403
563.5621150667712
822.1079187141722
686.836212889616
524.3676004925552
848.2246356261396
864.2922253983976
792.2151364903887
997.6140814503356
665.012928119624
716.5019526251883
671.3812706779188
753.3089771823646
670.9247340591669
530.2303605877341
982.1468536538425
812.0807330215231
627.9458010984777
887.8903242406876
919.2859326185921
829.034244222664
683.6852271648929
603.0419436329339
678.9822727703782
974.281147492956
932.7934030089622
605.2270113270656
883.0575810151863
695.1135359946461
692.8614352881955
961.4986781307492
752.9234737110498
955.3907146986724
823.22908930365
505.093486373854
608.1851861309282
577.193185380464
651.4676396559613
732.3849424135286
895.5616321672142
577.6597830455931
902.5215022157099
894.3103716879671
624.1834831617297
915.1974942608224
729.8438573928995
894.217121475197
884.8539402652036
863.7678809454815
884.1162670815424
694.6283673881007
504.6088925855489
913.9647314745662
761.4952585230732
668.2642103405915
992.7127304236061
654.063673576966
528.2609531331195
581.2757676640086
866.950074787419
747.9108699887535
951.7082534873286
674.7669895618847
676.3547450367626
996.9074902594901
733.6000676597575
701.3595139428966
765.0565536209692
670.5882458090699
590.7141144756323
933.2222826094054
742.3939159797449
550.8660240510276
680.3464009368421
523.4926100439925
593.079246877602
750.66674387955
768.6061407647446
857.5641010766803
914.0985438130341
901.280832871679
636.4343553137775
893.185457454299
959.6084439421284
955.4435157413651
522.24683039959
714.6269183342201
923.7503516392051
955.5047811816889
533.778333732885
676.0775903295165
862.615763519667
637.6496750124402
859.4962068004643
555.0417449622854
870.4655751840764
783.12774299395
745.0509416808416
510.6995391817437
975.2322195027511
699.8763596553282
842.0795572312993
873.9644731773794
749.6001431884303
934.7010054072018
702.3486161314406
563.4190823052544
778.1931437085223
720.1328686442533
671.0811754334604
891.9516878243699
850.1079174775648
609.3078384574915
862.8721498248384
994.9126663745103
846.115740673789
520.3634083163557
548.8603590581527
865.5319851848337
709.4702539831854
902.1349477780877
883.732966719474
985.4180690799308
720.4770848561493
823.4551778614521
528.876308347714
629.3487649181214
837.631127114422
510.2836001204593
701.6036150089519
624.0358219342721
879.8828428397762
990.6910158227344
504.8158326131948
940.2973473965335
524.5999797697674
811.8643911672752
839.0601426801859
588.5582956768719
631.0728352772902
928.3427914875908
989.0385536868012
841.8969332603028
885.8771125711226
511.54120159392687
663.5212959785223
567.1815403525204
743.7311039075992
869.114802199283
511.6406602708793
996.2521828592498
905.2881211976596
770.8943053940376
813.5846448015503
611.0231015177125
540.6314268046336
551.7483926826478
835.4759504885446
753.4420240415311
855.3267618794225
664.9894923695015
719.3458666786596
662.083538783956
814.5995409200561
521.055622502707
972.4304184899856
607.5176033390785
915.909870018429
588.6448093012411
519.4021740541672
917.9386547257453
837.2274850518041
585.9107099094158
931.8867717957853
597.106775523564
722.2645606977044
500.3777548317977
569.4007378701401
526.9809331319811
948.5136774503957
571.7483462970803
965.9740724075347
828.1109551292286
576.5253099051375
537.5585237417356
973.6224066815162
869.8400472182364
523.6958594203145
636.5904756892544
913.417870496982
968.246379971752
764.2984329819159
553.6227446299646
932.4958314742227
847.4188488923161
600.2241113402049
667.258008781958
765.3686800645769
600.4705841780407
508.1484886446945
997.8704980415881
924.8717588316247
511.31441911982745
706.0958324789026
864.0276935568977
822.3258486681361
930.9950489871339
657.7542394663897
804.2521277167616
792.7080272413812
667.4124012797099
977.1024355692806
997.6659490649718
932.4198973420127
794.761093116675
915.6540194879822
906.2938304545467
905.9635950238014
972.6899528693406
992.6248813758746
884.462515417006
722.7504345824968
878.8397124634118
644.283433437976
881.3175521026369
982.3188148460529
790.801154141757
924.4634392013841
591.0787328443569
595.1500091340024
737.4051114254158
917.9157808666254
967.0811499438089
625.4709245055155
940.7181796186155
706.9131730676706
781.121525894745
718.4770897799966
803.2034288238599
626.988817941218
762.895269493514
741.1001749459022
606.7270907193438
643.8444349693244
750.5763078298492
505.429891940609
724.4346957517771
699.2490850388319
515.9608283786771
685.3325570047433
717.5010201302807
684.3494888441553
865.186439073017
916.8174699977484
647.6168344942499
847.0414137382476
672.2231269540482
592.9096642153424
962.1402329410851
628.3255725230626
835.4643193413904
623.5279163538711
651.8290542856256
995.2437236028691
792.038208251269
825.0051782033611
519.9491891542688
572.846690531472
996.7051380864683
901.2650809167703
806.7291618487175
801.8832249957466
918.6754499936047
785.8417217578065
998.0872156238928
895.927436257796
981.0244692366323
873.308314256139
692.0448886629879
750.118619527366
931.9045602347119
945.8379014105275
559.9033057240305
511.06977926947803
913.9118267578972
925.1873946318733
914.2323507601659
682.6960556110672
510.441471131532
538.7420716755646
787.2687102893008
810.9319823263907
998.2693250939797
994.6769782960486
744.6971374241419
553.6615669774483
794.3058812888783
649.4178248350894
972.3928963752205
850.7055742903221
647.7121305318321
914.3887595081218
803.7633662669014
762.7814818153216
999.6070205639754
593.3289226129733
607.4070959084264
968.3694317378305
775.9695799844637
606.4909432591929
935.5000011480984
947.5746978290092
826.828667287713
703.0263852760897
971.3521381857115
577.0103783400566
521.2269346495177
702.8010149816558
767.29098587559
698.8273464559917
795.5121077891446
793.0627716784313
761.9092963330557
834.0937279629114
926.691308792773
882.6539094226201
650.3572956364519
814.3703446504669
909.152860005876
578.0794058846918
738.7375396501426
809.858541870811
711.0487715061206
878.438882181439
924.573596832603
584.4312291690838
623.1208956583764
664.4804785469173
717.7099813530834
821.2566159417416
960.7627022664356
631.8464158204773
627.7072349348366
563.1815198893088
587.908576564998
662.1931345405299
560.6755922246732
988.9843402765015
682.4375779407812
841.3665172448455
782.787603427882
672.0054602753272
703.0607252465217
835.6598066012898
616.1903526619254
